01000000000000 //  0 128.0
00111111100000 //  1 127.99759043617294
00111111100000 //  2 127.9903618354105
00111111100000 //  3 127.9783144698654
00111111100000 //  4 127.96144879311414
00111111100000 //  5 127.93976544013992
00111111100000 //  6 127.91326522730874
00111111100000 //  7 127.8819491523386
00111111100000 //  8 127.84581839426207
00111111100000 //  9 127.80487431338173
00111111100000 // 10 127.7591184512191
00111111100000 // 11 127.70855253045653
00111111100000 // 12 127.65317845487235
00111111100000 // 13 127.5929983092692
00111111100000 // 14 127.52801435939558
00111111100000 // 15 127.45822905186046
00111111100000 // 16 127.3836450140412
00111111100000 // 17 127.3042650539847
00111111100000 // 18 127.22009216030158
00111111100000 // 19 127.1311295020537
00111111100000 // 20 127.03738042863488
00111111000000 // 21 126.93884846964474
00111111000000 // 22 126.83553733475584
00111111000000 // 23 126.72745091357403
00111111000000 // 24 126.61459327549197
00111111000000 // 25 126.49696866953593
00111111000000 // 26 126.37458152420588
00111111000000 // 27 126.24743644730863
00111111000000 // 28 126.11553822578448
00111110100000 // 29 125.97889182552692
00111110100000 // 30 125.83750239119568
00111110100000 // 31 125.69137524602307
00111110100000 // 32 125.5405158916135
00111110100000 // 33 125.38493000773639
00111110100000 // 34 125.22462345211234
00111110100000 // 35 125.05960226019256
00111110000000 // 36 124.88987264493166
00111110000000 // 37 124.71544099655371
00111110000000 // 38 124.5363138823117
00111110000000 // 39 124.35249804624023
00111110000000 // 40 124.16400040890163
00111101100000 // 41 123.97082806712542
00111101100000 // 42 123.77298829374107
00111101100000 // 43 123.57048853730424
00111101100000 // 44 123.3633364218163
00111101100000 // 45 123.15153974643732
00111101000000 // 46 122.93510648519242
00111101000000 // 47 122.71404478667156
00111101000000 // 48 122.48836297372273
00111101000000 // 49 122.25806954313866
00111101000000 // 50 122.02317316533681
00111100100000 // 51 121.78368268403307
00111100100000 // 52 121.5396071159087
00111100100000 // 53 121.29095565027086
00111100100000 // 54 121.03773764870672
00111100000000 // 55 120.77996264473093
00111100000000 // 56 120.51764034342666
00111100000000 // 57 120.25078062108031
00111011100000 // 58 119.9793935248096
00111011100000 // 59 119.7034892721853
00111011100000 // 60 119.42307825084659
00111011100000 // 61 119.13817101810992
00111011000000 // 62 118.8487783005716
00111011000000 // 63 118.55491099370386
00111011000000 // 64 118.2565801614447
00111010100000 // 65 117.95379703578138
00111010100000 // 66 117.6465730163274
00111010100000 // 67 117.33491966989347
00111010100000 // 68 117.01884873005193
00111010000000 // 69 116.69837209669502
00111010000000 // 70 116.37350183558686
00111010000000 // 71 116.04425017790916
00111001100000 // 72 115.71062951980075
00111001100000 // 73 115.37265242189082
00111001100000 // 74 115.03033160882609
00111001000000 // 75 114.68367996879171
00111001000000 // 76 114.33271055302596
00111000100000 // 77 113.97743657532901
00111000100000 // 78 113.6178714115653
00111000100000 // 79 113.25402859916004
00111000000000 // 80 112.88592183658945
00111000000000 // 81 112.51356498286509
00111000000000 // 82 112.13697205701204
00110111100000 // 83 111.75615723754113
00110111100000 // 84 111.37113486191507
00110111000000 // 85 110.98191942600866
00110111000000 // 86 110.58852558356311
00110111000000 // 87 110.19096814563422
00110110100000 // 88 109.78926208003483
00110110100000 // 89 109.38342251077127
00110110000000 // 90 108.97346471747395
00110110000000 // 91 108.55940413482205
00110110000000 // 92 108.14125635196251
00110101100000 // 93 107.719037111923
00110101100000 // 94 107.29276231101927
00110101000000 // 95 106.86244799825664
00110101000000 // 96 106.42811037472579
00110100100000 // 97 105.98976579299274
00110100100000 // 98 105.54743075648324
00110100100000 // 99 105.1011219188614
00110100000000 // 100 104.65085608340272
00110100000000 // 101 104.1966502023614
00110011100000 // 102 103.73852137633213
00110011100000 // 103 103.27648685360631
00110011000000 // 104 102.81056402952255
00110011000000 // 105 102.34077044581184
00110010100000 // 106 101.8671237899371
00110010100000 // 107 101.38964189442719
00110010000000 // 108 100.90834273620561
00110010000000 // 109 100.42324443591363
00110001100000 // 110 99.9343652572281
00110001100000 // 111 99.44172360617375
00110001000000 // 112 98.94533803043034
00110001000000 // 113 98.4452272186342
00110000100000 // 114 97.94140999967475
00110000100000 // 115 97.43390534198551
00110000000000 // 116 96.92273235283002
00110000000000 // 117 96.4079102775824
00101111100000 // 118 95.8894584990028
00101111100000 // 119 95.36739653650766
00101111000000 // 120 94.84174404543477
00101111000000 // 121 94.31252081630335
00101110100000 // 122 93.77974677406884
00101110100000 // 123 93.24344197737283
00101110000000 // 124 92.70362661778778
00101110000000 // 125 92.16032101905685
00101101100000 // 126 91.61354563632878
00101101100000 // 127 91.0633210553877
00101101000000 // 128 90.50966799187809
00101100100000 // 129 89.95260729052484
00101100100000 // 130 89.39215992434853
00101100000000 // 131 88.82834699387571
00101100000000 // 132 88.26118972634457
00101011100000 // 133 87.69070947490565
00101011100000 // 134 87.116927717818
00101011000000 // 135 86.53986605764045
00101010100000 // 136 85.95954622041835
00101010100000 // 137 85.3759900548656
00101010000000 // 138 84.78921953154199
00101010000000 // 139 84.19925674202607
00101001100000 // 140 83.60612389808342
00101001100000 // 141 83.0098433308304
00101001000000 // 142 82.41043748989331
00101000100000 // 143 81.8079289425633
00101000100000 // 144 81.20234037294662
00101000000000 // 145 80.59369458111067
00100111100000 // 146 79.98201448222547
00100111100000 // 147 79.36732310570102
00100111000000 // 148 78.74964359432023
00100111000000 // 149 78.12899920336761
00100110100000 // 150 77.50541329975367
00100110000000 // 151 76.87890936113523
00100110000000 // 152 76.24951097503148
00100101100000 // 153 75.61724183793591
00100101000000 // 154 74.98212575442417
00100101000000 // 155 74.34418663625786
00100100100000 // 156 73.7034485014842
00100100100000 // 157 73.05993547353182
00100100000000 // 158 72.4136717803025
00100011100000 // 159 71.76468175325901
00100011100000 // 160 71.1129898265091
00100011000000 // 161 70.45862053588542
00100010100000 // 162 69.80159851802195
00100010100000 // 163 69.1419485094263
00100010000000 // 164 68.47969534554845
00100001100000 // 165 67.81486395984574
00100001100000 // 166 67.14747938284401
00100001000000 // 167 66.47756674119546
00100000100000 // 168 65.80515125673237
00100000100000 // 169 65.1302582455177
00100000000000 // 170 64.45291311689185
00011111100000 // 171 63.77314137251608
00011111100000 // 172 63.090968605412364
00011111000000 // 173 62.406420498999815
00011110100000 // 174 61.71952282612772
00011110100000 // 175 61.03030144810525
00011110000000 // 176 60.33878231372772
00011101100000 // 177 59.644991458299664
00011101000000 // 178 58.94895500265472
00011101000000 // 179 58.25069915217201
00011100100000 // 180 57.550250195789644
00011100000000 // 181 56.847634505014945
00011100000000 // 182 56.14287853293155
00011011100000 // 183 55.43600881320346
00011011000000 // 184 54.72705195907612
00011011000000 // 185 54.01603466237437
00011010100000 // 186 53.30298369249758
00011010000000 // 187 52.5879258954117
00011001100000 // 188 51.8708881926387
00011001100000 // 189 51.15189758024279
00011001000000 // 190 50.43098112781416
00011000100000 // 191 49.70816597744977
00011000000000 // 192 48.9834793427315
00011000000000 // 193 48.256948507701544
00010111100000 // 194 47.52860082583521
00010111000000 // 195 46.79846371901107
00010111000000 // 196 46.0665646764785
00010110100000 // 197 45.332931253822785
00010110000000 // 198 44.59759107192762
00010101100000 // 199 43.86057181593528
00010101100000 // 200 43.12190123420417
00010101000000 // 201 42.38160713726418
00010100100000 // 202 41.63971739676966
00010100000000 // 203 40.896259944450016
00010100000000 // 204 40.15126277105812
00010011100000 // 205 39.40475392531648
00010011000000 // 206 38.65676151286121
00010010100000 // 207 37.907313695183866
00010010100000 // 208 37.15643868857118
00010010000000 // 209 36.40416476304279
00010001100000 // 210 35.65052024128679
00010001000000 // 211 34.89553349759347
00010001000000 // 212 34.139232956787
00010000100000 // 213 33.38164709315527
00010000000000 // 214 32.62280442937787
00001111100000 // 215 31.862733535452193
00001111100000 // 216 31.10146302761779
00001111000000 // 217 30.33902156727902
00001110100000 // 218 29.575437859925923
00001110000000 // 219 28.810740654053475
00001110000000 // 220 28.04495874007933
00001101100000 // 221 27.278120949259694
00001101000000 // 222 26.510256152603976
00001100100000 // 223 25.74139325978777
00001100000000 // 224 24.971561218064426
00001100000000 // 225 24.200789011175203
00001011100000 // 226 23.429105658258056
00001011000000 // 227 22.656540212755054
00001010100000 // 228 21.883121761318574
00001010100000 // 229 21.10887942271617
00001010000000 // 230 20.333842346734258
00001001100000 // 231 19.558039713080756
00001001000000 // 232 18.781500730286304
00001001000000 // 233 18.004254634604703
00001000100000 // 234 17.226330688912157
00001000000000 // 235 16.447758181605533
00000111100000 // 236 15.668566425499684
00000111000000 // 237 14.888784756723824
00000111000000 // 238 14.108442533617048
00000110100000 // 239 13.327569135623005
00000110000000 // 240 12.546193962183779
00000101100000 // 241 11.764346431632985
00000101000000 // 242 10.982055980088305
00000101000000 // 243 10.199352060343056
00000100100000 // 244 9.416264140757434
00000100000000 // 245 8.632821704149006
00000011100000 // 246 7.849054246682707
00000011100000 // 247 7.064991276760324
00000011000000 // 248 6.28066231390952
00000010100000 // 249 5.496096887672443
00000010000000 // 250 4.711324536493951
00000001100000 // 251 3.9263748066094823
00000001100000 // 252 3.1412772509327698
00000001000000 // 253 2.356061427943017
00000000100000 // 254 1.570756900572153
00000000000000 // 255 0.7853932350917779
00000000000000 // 256 7.83773951454306e-15
00000000000000 // 257 -0.7853932350917623
11111111100000 // 258 -1.5707569005721373
11111111000000 // 259 -2.356061427943001
11111110100000 // 260 -3.1412772509327542
11111110100000 // 261 -3.926374806609467
11111110000000 // 262 -4.711324536493935
11111101100000 // 263 -5.496096887672427
11111101000000 // 264 -6.280662313909505
11111100100000 // 265 -7.064991276760309
11111100100000 // 266 -7.849054246682692
11111100000000 // 267 -8.63282170414899
11111011100000 // 268 -9.416264140757418
11111011000000 // 269 -10.199352060343042
11111011000000 // 270 -10.982055980088289
11111010100000 // 271 -11.76434643163297
11111010000000 // 272 -12.546193962183763
11111001100000 // 273 -13.327569135622989
11111001000000 // 274 -14.108442533617032
11111001000000 // 275 -14.888784756723808
11111000100000 // 276 -15.668566425499668
11111000000000 // 277 -16.44775818160552
11110111100000 // 278 -17.226330688912142
11110111000000 // 279 -18.00425463460469
11110111000000 // 280 -18.78150073028629
11110110100000 // 281 -19.558039713080742
11110110000000 // 282 -20.333842346734244
11110101100000 // 283 -21.108879422716154
11110101100000 // 284 -21.88312176131856
11110101000000 // 285 -22.65654021275504
11110100100000 // 286 -23.429105658258038
11110100000000 // 287 -24.20078901117519
11110100000000 // 288 -24.97156121806441
11110011100000 // 289 -25.741393259787753
11110011000000 // 290 -26.51025615260396
11110010100000 // 291 -27.27812094925968
11110010000000 // 292 -28.044958740079316
11110010000000 // 293 -28.81074065405346
11110001100000 // 294 -29.575437859925906
11110001000000 // 295 -30.339021567279005
11110000100000 // 296 -31.101463027617775
11110000100000 // 297 -31.862733535452175
11110000000000 // 298 -32.62280442937786
11101111100000 // 299 -33.38164709315526
11101111000000 // 300 -34.139232956786984
11101111000000 // 301 -34.895533497593455
11101110100000 // 302 -35.65052024128678
11101110000000 // 303 -36.40416476304278
11101101100000 // 304 -37.15643868857116
11101101100000 // 305 -37.90731369518385
11101101000000 // 306 -38.656761512861195
11101100100000 // 307 -39.40475392531646
11101100000000 // 308 -40.1512627710581
11101100000000 // 309 -40.89625994445
11101011100000 // 310 -41.63971739676965
11101011000000 // 311 -42.38160713726417
11101010100000 // 312 -43.12190123420415
11101010100000 // 313 -43.860571815935266
11101010000000 // 314 -44.5975910719276
11101001100000 // 315 -45.33293125382277
11101001000000 // 316 -46.066564676478485
11101001000000 // 317 -46.79846371901105
11101000100000 // 318 -47.5286008258352
11101000000000 // 319 -48.25694850770153
11101000000000 // 320 -48.983479342731485
11100111100000 // 321 -49.70816597744975
11100111000000 // 322 -50.43098112781414
11100110100000 // 323 -51.151897580242775
11100110100000 // 324 -51.87088819263869
11100110000000 // 325 -52.587925895411686
11100101100000 // 326 -53.302983692497534
11100101000000 // 327 -54.01603466237436
11100101000000 // 328 -54.72705195907608
11100100100000 // 329 -55.43600881320344
11100100000000 // 330 -56.142878532931505
11100100000000 // 331 -56.84763450501493
11100011100000 // 332 -57.55025019578966
11100011000000 // 333 -58.250699152172
11100011000000 // 334 -58.94895500265473
11100010100000 // 335 -59.64499145829965
11100010000000 // 336 -60.338782313727705
11100001100000 // 337 -61.030301448105206
11100001100000 // 338 -61.71952282612771
11100001000000 // 339 -62.40642049899977
11100000100000 // 340 -63.09096860541235
11100000100000 // 341 -63.773141372516044
11100000000000 // 342 -64.45291311689184
11011111100000 // 343 -65.13025824551771
11011111100000 // 344 -65.80515125673237
11011111000000 // 345 -66.47756674119547
11011110100000 // 346 -67.147479382844
11011110100000 // 347 -67.81486395984572
11011110000000 // 348 -68.47969534554842
11011101100000 // 349 -69.14194850942629
11011101100000 // 350 -69.80159851802192
11011101000000 // 351 -70.4586205358854
11011100100000 // 352 -71.11298982650905
11011100100000 // 353 -71.764681753259
11011100000000 // 354 -72.4136717803025
11011011100000 // 355 -73.0599354735318
11011011100000 // 356 -73.7034485014842
11011011000000 // 357 -74.34418663625785
11011011000000 // 358 -74.98212575442417
11011010100000 // 359 -75.61724183793588
11011010000000 // 360 -76.24951097503147
11011010000000 // 361 -76.8789093611352
11011001100000 // 362 -77.50541329975366
11011001000000 // 363 -78.12899920336763
11011001000000 // 364 -78.74964359432022
11011000100000 // 365 -79.36732310570102
11011000100000 // 366 -79.98201448222544
11011000000000 // 367 -80.59369458111067
11010111100000 // 368 -81.20234037294661
11010111100000 // 369 -81.8079289425633
11010111000000 // 370 -82.41043748989328
11010110100000 // 371 -83.00984333083039
11010110100000 // 372 -83.6061238980834
11010110000000 // 373 -84.19925674202607
11010110000000 // 374 -84.789219531542
11010101100000 // 375 -85.37599005486558
11010101100000 // 376 -85.95954622041836
11010101000000 // 377 -86.53986605764042
11010100100000 // 378 -87.11692771781799
11010100100000 // 379 -87.69070947490563
11010100000000 // 380 -88.26118972634457
11010100000000 // 381 -88.82834699387568
11010011100000 // 382 -89.39215992434852
11010011100000 // 383 -89.95260729052481
11010011000000 // 384 -90.50966799187808
11010010100000 // 385 -91.06332105538772
11010010100000 // 386 -91.61354563632878
11010010000000 // 387 -92.16032101905685
11010010000000 // 388 -92.70362661778775
11010001100000 // 389 -93.24344197737283
11010001100000 // 390 -93.77974677406883
11010001000000 // 391 -94.31252081630335
11010001000000 // 392 -94.84174404543474
11010000100000 // 393 -95.36739653650764
11010000100000 // 394 -95.88945849900277
11010000000000 // 395 -96.40791027758239
11010000000000 // 396 -96.92273235283002
11001111100000 // 397 -97.4339053419855
11001111100000 // 398 -97.94140999967475
11001111000000 // 399 -98.44522721863417
11001111000000 // 400 -98.94533803043034
11001110100000 // 401 -99.44172360617374
11001110100000 // 402 -99.9343652572281
11001110000000 // 403 -100.4232444359136
11001110000000 // 404 -100.9083427362056
11001101100000 // 405 -101.38964189442716
11001101100000 // 406 -101.86712378993708
11001101000000 // 407 -102.34077044581186
11001101000000 // 408 -102.81056402952254
11001100100000 // 409 -103.27648685360631
11001100100000 // 410 -103.73852137633212
11001100000000 // 411 -104.1966502023614
11001100000000 // 412 -104.6508560834027
11001011100000 // 413 -105.1011219188614
11001011100000 // 414 -105.54743075648321
11001011100000 // 415 -105.98976579299273
11001011000000 // 416 -106.4281103747258
11001011000000 // 417 -106.86244799825664
11001010100000 // 418 -107.29276231101927
11001010100000 // 419 -107.71903711192299
11001010000000 // 420 -108.14125635196251
11001010000000 // 421 -108.55940413482203
11001010000000 // 422 -108.97346471747395
11001001100000 // 423 -109.38342251077125
11001001100000 // 424 -109.78926208003482
11001001000000 // 425 -110.19096814563419
11001001000000 // 426 -110.5885255835631
11001001000000 // 427 -110.98191942600867
11001000100000 // 428 -111.37113486191505
11001000100000 // 429 -111.75615723754113
11001000000000 // 430 -112.13697205701203
11001000000000 // 431 -112.51356498286509
11001000000000 // 432 -112.88592183658943
11000111100000 // 433 -113.25402859916004
11000111100000 // 434 -113.61787141156529
11000111100000 // 435 -113.97743657532901
11000111000000 // 436 -114.33271055302595
11000111000000 // 437 -114.6836799687917
11000110100000 // 438 -115.0303316088261
11000110100000 // 439 -115.3726524218908
11000110100000 // 440 -115.71062951980075
11000110000000 // 441 -116.04425017790916
11000110000000 // 442 -116.37350183558686
11000110000000 // 443 -116.69837209669501
11000101100000 // 444 -117.01884873005193
11000101100000 // 445 -117.33491966989345
11000101100000 // 446 -117.6465730163274
11000101100000 // 447 -117.95379703578135
11000101000000 // 448 -118.2565801614447
11000101000000 // 449 -118.55491099370386
11000101000000 // 450 -118.84877830057158
11000100100000 // 451 -119.13817101810992
11000100100000 // 452 -119.42307825084657
11000100100000 // 453 -119.7034892721853
11000100100000 // 454 -119.97939352480958
11000100000000 // 455 -120.25078062108031
11000100000000 // 456 -120.51764034342665
11000100000000 // 457 -120.77996264473093
11000011100000 // 458 -121.03773764870671
11000011100000 // 459 -121.29095565027086
11000011100000 // 460 -121.5396071159087
11000011100000 // 461 -121.78368268403307
11000011000000 // 462 -122.02317316533681
11000011000000 // 463 -122.25806954313865
11000011000000 // 464 -122.48836297372273
11000011000000 // 465 -122.71404478667155
11000011000000 // 466 -122.93510648519242
11000010100000 // 467 -123.15153974643731
11000010100000 // 468 -123.3633364218163
11000010100000 // 469 -123.57048853730423
11000010100000 // 470 -123.77298829374107
11000010100000 // 471 -123.97082806712542
11000010000000 // 472 -124.16400040890163
11000010000000 // 473 -124.35249804624023
11000010000000 // 474 -124.53631388231169
11000010000000 // 475 -124.71544099655371
11000010000000 // 476 -124.88987264493164
11000001100000 // 477 -125.05960226019256
11000001100000 // 478 -125.22462345211233
11000001100000 // 479 -125.38493000773639
11000001100000 // 480 -125.5405158916135
11000001100000 // 481 -125.69137524602307
11000001100000 // 482 -125.83750239119568
11000001100000 // 483 -125.97889182552692
11000001000000 // 484 -126.11553822578448
11000001000000 // 485 -126.24743644730862
11000001000000 // 486 -126.37458152420588
11000001000000 // 487 -126.49696866953593
11000001000000 // 488 -126.61459327549197
11000001000000 // 489 -126.72745091357402
11000001000000 // 490 -126.83553733475584
11000001000000 // 491 -126.93884846964474
11000000100000 // 492 -127.03738042863488
11000000100000 // 493 -127.1311295020537
11000000100000 // 494 -127.22009216030158
11000000100000 // 495 -127.3042650539847
11000000100000 // 496 -127.38364501404119
11000000100000 // 497 -127.45822905186046
11000000100000 // 498 -127.52801435939558
11000000100000 // 499 -127.5929983092692
11000000100000 // 500 -127.65317845487235
11000000100000 // 501 -127.70855253045653
11000000100000 // 502 -127.7591184512191
11000000100000 // 503 -127.80487431338173
11000000100000 // 504 -127.84581839426207
11000000100000 // 505 -127.8819491523386
11000000100000 // 506 -127.91326522730874
11000000100000 // 507 -127.93976544013992
11000000100000 // 508 -127.96144879311414
11000000100000 // 509 -127.9783144698654
11000000100000 // 510 -127.9903618354105
11000000100000 // 511 -127.99759043617294
11000000000000 // 512 -128.0
11000000100000 // 513 -127.99759043617294
11000000100000 // 514 -127.9903618354105
11000000100000 // 515 -127.9783144698654
11000000100000 // 516 -127.96144879311414
11000000100000 // 517 -127.93976544013992
11000000100000 // 518 -127.91326522730874
11000000100000 // 519 -127.8819491523386
11000000100000 // 520 -127.84581839426207
11000000100000 // 521 -127.80487431338173
11000000100000 // 522 -127.7591184512191
11000000100000 // 523 -127.70855253045653
11000000100000 // 524 -127.65317845487235
11000000100000 // 525 -127.59299830926922
11000000100000 // 526 -127.52801435939558
11000000100000 // 527 -127.45822905186046
11000000100000 // 528 -127.3836450140412
11000000100000 // 529 -127.30426505398471
11000000100000 // 530 -127.22009216030158
11000000100000 // 531 -127.13112950205371
11000000100000 // 532 -127.03738042863488
11000001000000 // 533 -126.93884846964474
11000001000000 // 534 -126.83553733475584
11000001000000 // 535 -126.72745091357403
11000001000000 // 536 -126.61459327549197
11000001000000 // 537 -126.49696866953593
11000001000000 // 538 -126.37458152420588
11000001000000 // 539 -126.24743644730863
11000001000000 // 540 -126.11553822578449
11000001100000 // 541 -125.97889182552693
11000001100000 // 542 -125.8375023911957
11000001100000 // 543 -125.69137524602307
11000001100000 // 544 -125.5405158916135
11000001100000 // 545 -125.38493000773639
11000001100000 // 546 -125.22462345211234
11000001100000 // 547 -125.05960226019256
11000010000000 // 548 -124.88987264493166
11000010000000 // 549 -124.71544099655371
11000010000000 // 550 -124.5363138823117
11000010000000 // 551 -124.35249804624024
11000010000000 // 552 -124.16400040890163
11000010100000 // 553 -123.97082806712542
11000010100000 // 554 -123.77298829374108
11000010100000 // 555 -123.57048853730424
11000010100000 // 556 -123.36333642181631
11000010100000 // 557 -123.15153974643732
11000011000000 // 558 -122.93510648519243
11000011000000 // 559 -122.71404478667156
11000011000000 // 560 -122.48836297372274
11000011000000 // 561 -122.25806954313866
11000011000000 // 562 -122.02317316533683
11000011100000 // 563 -121.78368268403308
11000011100000 // 564 -121.53960711590871
11000011100000 // 565 -121.29095565027087
11000011100000 // 566 -121.03773764870672
11000100000000 // 567 -120.77996264473093
11000100000000 // 568 -120.51764034342666
11000100000000 // 569 -120.25078062108032
11000100100000 // 570 -119.9793935248096
11000100100000 // 571 -119.70348927218531
11000100100000 // 572 -119.42307825084659
11000100100000 // 573 -119.13817101810993
11000101000000 // 574 -118.8487783005716
11000101000000 // 575 -118.55491099370387
11000101000000 // 576 -118.25658016144472
11000101100000 // 577 -117.95379703578136
11000101100000 // 578 -117.6465730163274
11000101100000 // 579 -117.33491966989347
11000101100000 // 580 -117.01884873005193
11000110000000 // 581 -116.69837209669502
11000110000000 // 582 -116.37350183558688
11000110000000 // 583 -116.04425017790918
11000110100000 // 584 -115.71062951980076
11000110100000 // 585 -115.37265242189082
11000110100000 // 586 -115.03033160882612
11000111000000 // 587 -114.68367996879171
11000111000000 // 588 -114.33271055302596
11000111100000 // 589 -113.97743657532902
11000111100000 // 590 -113.6178714115653
11000111100000 // 591 -113.25402859916005
11001000000000 // 592 -112.88592183658945
11001000000000 // 593 -112.5135649828651
11001000000000 // 594 -112.13697205701204
11001000100000 // 595 -111.75615723754115
11001000100000 // 596 -111.37113486191507
11001001000000 // 597 -110.98191942600869
11001001000000 // 598 -110.58852558356311
11001001000000 // 599 -110.19096814563422
11001001100000 // 600 -109.78926208003483
11001001100000 // 601 -109.38342251077127
11001010000000 // 602 -108.97346471747396
11001010000000 // 603 -108.55940413482205
11001010000000 // 604 -108.14125635196253
11001010100000 // 605 -107.719037111923
11001010100000 // 606 -107.29276231101929
11001011000000 // 607 -106.86244799825666
11001011000000 // 608 -106.42811037472582
11001011100000 // 609 -105.98976579299274
11001011100000 // 610 -105.54743075648324
11001011100000 // 611 -105.10112191886141
11001100000000 // 612 -104.65085608340272
11001100000000 // 613 -104.19665020236141
11001100100000 // 614 -103.73852137633213
11001100100000 // 615 -103.27648685360633
11001101000000 // 616 -102.81056402952255
11001101000000 // 617 -102.34077044581187
11001101100000 // 618 -101.8671237899371
11001101100000 // 619 -101.38964189442717
11001110000000 // 620 -100.90834273620561
11001110000000 // 621 -100.42324443591363
11001110100000 // 622 -99.93436525722811
11001110100000 // 623 -99.44172360617375
11001111000000 // 624 -98.94533803043035
11001111000000 // 625 -98.4452272186342
11001111100000 // 626 -97.94140999967476
11001111100000 // 627 -97.43390534198552
11010000000000 // 628 -96.92273235283005
11010000000000 // 629 -96.40791027758242
11010000100000 // 630 -95.88945849900279
11010000100000 // 631 -95.36739653650766
11010001000000 // 632 -94.84174404543477
11010001000000 // 633 -94.31252081630336
11010001100000 // 634 -93.77974677406884
11010001100000 // 635 -93.24344197737285
11010010000000 // 636 -92.70362661778778
11010010000000 // 637 -92.16032101905688
11010010100000 // 638 -91.6135456363288
11010010100000 // 639 -91.06332105538773
11010011000000 // 640 -90.5096679918781
11010011100000 // 641 -89.95260729052484
11010011100000 // 642 -89.39215992434855
11010100000000 // 643 -88.82834699387571
11010100000000 // 644 -88.26118972634458
11010100100000 // 645 -87.69070947490565
11010100100000 // 646 -87.11692771781802
11010101000000 // 647 -86.53986605764045
11010101100000 // 648 -85.95954622041839
11010101100000 // 649 -85.37599005486561
11010110000000 // 650 -84.78921953154202
11010110000000 // 651 -84.19925674202608
11010110100000 // 652 -83.60612389808347
11010110100000 // 653 -83.00984333083036
11010111000000 // 654 -82.41043748989331
11010111100000 // 655 -81.80792894256332
11010111100000 // 656 -81.20234037294668
11011000000000 // 657 -80.59369458111064
11011000100000 // 658 -79.98201448222547
11011000100000 // 659 -79.36732310570105
11011001000000 // 660 -78.74964359432029
11011001000000 // 661 -78.1289992033676
11011001100000 // 662 -77.50541329975368
11011010000000 // 663 -76.87890936113527
11011010000000 // 664 -76.24951097503144
11011010100000 // 665 -75.61724183793591
11011011000000 // 666 -74.9821257544242
11011011000000 // 667 -74.34418663625792
11011011100000 // 668 -73.70344850148419
11011011100000 // 669 -73.05993547353182
11011100000000 // 670 -72.41367178030252
11011100100000 // 671 -71.76468175325907
11011100100000 // 672 -71.11298982650908
11011101000000 // 673 -70.45862053588543
11011101100000 // 674 -69.80159851802199
11011101100000 // 675 -69.14194850942627
11011110000000 // 676 -68.47969534554845
11011110100000 // 677 -67.81486395984575
11011110100000 // 678 -67.14747938284408
11011111000000 // 679 -66.47756674119545
11011111100000 // 680 -65.80515125673239
11011111100000 // 681 -65.13025824551774
11100000000000 // 682 -64.4529131168919
11100000100000 // 683 -63.77314137251607
11100000100000 // 684 -63.09096860541238
11100001000000 // 685 -62.40642049899985
11100001100000 // 686 -61.71952282612769
11100001100000 // 687 -61.030301448105234
11100010000000 // 688 -60.33878231372773
11100010100000 // 689 -59.64499145829973
11100011000000 // 690 -58.94895500265471
11100011000000 // 691 -58.250699152172025
11100011100000 // 692 -57.55025019578969
11100100000000 // 693 -56.84763450501501
11100100000000 // 694 -56.14287853293153
11100100100000 // 695 -55.43600881320347
11100101000000 // 696 -54.72705195907616
11100101000000 // 697 -54.01603466237434
11100101100000 // 698 -53.30298369249756
11100110000000 // 699 -52.587925895411736
11100110100000 // 700 -51.870888192638766
11100110100000 // 701 -51.15189758024278
11100111000000 // 702 -50.43098112781417
11100111100000 // 703 -49.70816597744981
11101000000000 // 704 -48.98347934273156
11101000000000 // 705 -48.25694850770153
11101000100000 // 706 -47.528600825835234
11101001000000 // 707 -46.79846371901111
11101001000000 // 708 -46.06656467647846
11101001100000 // 709 -45.33293125382278
11101010000000 // 710 -44.59759107192766
11101010100000 // 711 -43.860571815935344
11101010100000 // 712 -43.12190123420415
11101011000000 // 713 -42.3816071372642
11101011100000 // 714 -41.639717396769704
11101100000000 // 715 -40.89625994444997
11101100000000 // 716 -40.15126277105811
11101100100000 // 717 -39.40475392531649
11101101000000 // 718 -38.65676151286125
11101101100000 // 719 -37.90731369518383
11101101100000 // 720 -37.15643868857119
11101110000000 // 721 -36.404164763042836
11101110100000 // 722 -35.65052024128686
11101111000000 // 723 -34.895533497593455
11101111000000 // 724 -34.13923295678701
11101111100000 // 725 -33.381647093155316
11110000000000 // 726 -32.62280442937784
11110000100000 // 727 -31.86273353545218
11110000100000 // 728 -31.101463027617807
11110001000000 // 729 -30.33902156727906
11110001100000 // 730 -29.57543785992588
11110010000000 // 731 -28.810740654053493
11110010000000 // 732 -28.044958740079373
11110010100000 // 733 -27.278120949259765
11110011000000 // 734 -26.510256152603965
11110011100000 // 735 -25.741393259787785
11110100000000 // 736 -24.97156121806447
11110100000000 // 737 -24.200789011175164
11110100100000 // 738 -23.42910565825804
11110101000000 // 739 -22.656540212755072
11110101100000 // 740 -21.883121761318616
11110101100000 // 741 -21.10887942271613
11110110000000 // 742 -20.333842346734276
11110110100000 // 743 -19.5580397130808
11110111000000 // 744 -18.781500730286375
11110111000000 // 745 -18.004254634604692
11110111100000 // 746 -17.226330688912174
11111000000000 // 747 -16.44775818160558
11111000100000 // 748 -15.668566425499643
11111001000000 // 749 -14.88878475672381
11111001000000 // 750 -14.108442533617064
11111001100000 // 751 -13.32756913562305
11111010000000 // 752 -12.546193962183738
11111010100000 // 753 -11.764346431633001
11111011000000 // 754 -10.982055980088349
11111011000000 // 755 -10.199352060343129
11111011100000 // 756 -9.416264140757422
11111100000000 // 757 -8.632821704149022
11111100100000 // 758 -7.849054246682751
11111100100000 // 759 -7.064991276760283
11111101000000 // 760 -6.280662313909508
11111101100000 // 761 -5.496096887672459
11111110000000 // 762 -4.711324536493994
11111110100000 // 763 -3.92637480660947
11111110100000 // 764 -3.1412772509327858
11111111000000 // 765 -2.356061427943061
11111111100000 // 766 -1.5707569005722255
00000000000000 // 767 -0.7853932350917653
00000000000000 // 768 -2.351321854362918e-14
00000000000000 // 769 0.7853932350917182
00000000100000 // 770 1.5707569005721784
00000001000000 // 771 2.356061427943014
00000001100000 // 772 3.1412772509327387
00000001100000 // 773 3.926374806609423
00000010000000 // 774 4.711324536493947
00000010100000 // 775 5.496096887672412
00000011000000 // 776 6.280662313909461
00000011100000 // 777 7.064991276760236
00000011100000 // 778 7.849054246682704
00000100000000 // 779 8.632821704148975
00000100100000 // 780 9.416264140757374
00000101000000 // 781 10.199352060343083
00000101000000 // 782 10.982055980088301
00000101100000 // 783 11.764346431632953
00000110000000 // 784 12.546193962183692
00000110100000 // 785 13.327569135623001
00000111000000 // 786 14.108442533617016
00000111000000 // 787 14.888784756723764
00000111100000 // 788 15.668566425499597
00001000000000 // 789 16.447758181605533
00001000100000 // 790 17.226330688912125
00001001000000 // 791 18.004254634604646
00001001000000 // 792 18.78150073028633
00001001100000 // 793 19.558039713080753
00001010000000 // 794 20.33384234673423
00001010100000 // 795 21.108879422716083
00001010100000 // 796 21.88312176131857
00001011000000 // 797 22.656540212755026
00001011100000 // 798 23.429105658257996
00001100000000 // 799 24.200789011175118
00001100000000 // 800 24.971561218064423
00001100100000 // 801 25.74139325978774
00001101000000 // 802 26.51025615260392
00001101100000 // 803 27.27812094925972
00001110000000 // 804 28.044958740079327
00001110000000 // 805 28.810740654053447
00001110100000 // 806 29.575437859925835
00001111000000 // 807 30.339021567279016
00001111100000 // 808 31.10146302761776
00001111100000 // 809 31.862733535452133
00010000000000 // 810 32.62280442937779
00010000100000 // 811 33.381647093155266
00010001000000 // 812 34.13923295678697
00010001000000 // 813 34.89553349759341
00010001100000 // 814 35.65052024128682
00010010000000 // 815 36.404164763042786
00010010100000 // 816 37.15643868857114
00010010100000 // 817 37.90731369518378
00010011000000 // 818 38.6567615128612
00010011100000 // 819 39.40475392531645
00010100000000 // 820 40.151262771058065
00010100000000 // 821 40.89625994444993
00010100100000 // 822 41.639717396769655
00010101000000 // 823 42.381607137264155
00010101100000 // 824 43.12190123420411
00010101100000 // 825 43.8605718159353
00010110000000 // 826 44.59759107192762
00010110100000 // 827 45.33293125382273
00010111000000 // 828 46.066564676478414
00010111000000 // 829 46.79846371901107
00010111100000 // 830 47.528600825835184
00011000000000 // 831 48.25694850770149
00011000000000 // 832 48.98347934273152
00011000100000 // 833 49.70816597744977
00011001000000 // 834 50.43098112781413
00011001100000 // 835 51.15189758024274
00011001100000 // 836 51.87088819263872
00011010000000 // 837 52.58792589541169
00011010100000 // 838 53.30298369249752
00011011000000 // 839 54.016034662374295
00011011000000 // 840 54.727051959076114
00011011100000 // 841 55.43600881320343
00011100000000 // 842 56.14287853293149
00011100000000 // 843 56.847634505014966
00011100100000 // 844 57.550250195789644
00011101000000 // 845 58.25069915217198
00011101000000 // 846 58.948955002654664
00011101100000 // 847 59.644991458299685
00011110000000 // 848 60.33878231372769
00011110100000 // 849 61.0303014481052
00011110100000 // 850 61.719522826127644
00011111000000 // 851 62.40642049899981
00011111100000 // 852 63.090968605412336
00011111100000 // 853 63.77314137251603
00100000000000 // 854 64.45291311689188
00100000100000 // 855 65.1302582455177
00100000100000 // 856 65.80515125673236
00100001000000 // 857 66.47756674119542
00100001100000 // 858 67.14747938284404
00100001100000 // 859 67.81486395984571
00100010000000 // 860 68.47969534554841
00100010100000 // 861 69.14194850942623
00100010100000 // 862 69.80159851802195
00100011000000 // 863 70.4586205358854
00100011100000 // 864 71.11298982650904
00100011100000 // 865 71.76468175325904
00100100000000 // 866 72.41367178030248
00100100100000 // 867 73.05993547353178
00100100100000 // 868 73.70344850148415
00100101000000 // 869 74.34418663625787
00100101000000 // 870 74.98212575442416
00100101100000 // 871 75.61724183793586
00100110000000 // 872 76.24951097503141
00100110000000 // 873 76.87890936113523
00100110100000 // 874 77.50541329975364
00100111000000 // 875 78.12899920336757
00100111000000 // 876 78.74964359432026
00100111100000 // 877 79.367323105701
00100111100000 // 878 79.98201448222542
00101000000000 // 879 80.59369458111061
00101000100000 // 880 81.20234037294664
00101000100000 // 881 81.80792894256328
00101001000000 // 882 82.41043748989327
00101001100000 // 883 83.00984333083034
00101001100000 // 884 83.60612389808342
00101010000000 // 885 84.19925674202605
00101010000000 // 886 84.78921953154195
00101010100000 // 887 85.37599005486562
00101010100000 // 888 85.95954622041835
00101011000000 // 889 86.53986605764041
00101011100000 // 890 87.11692771781794
00101011100000 // 891 87.69070947490566
00101100000000 // 892 88.26118972634455
00101100000000 // 893 88.82834699387568
00101100100000 // 894 89.39215992434846
00101100100000 // 895 89.95260729052484
00101101000000 // 896 90.50966799187806
00101101100000 // 897 91.06332105538766
00101101100000 // 898 91.61354563632881
00101110000000 // 899 92.16032101905684
00101110000000 // 900 92.70362661778773
00101110100000 // 901 93.24344197737278
00101110100000 // 902 93.77974677406885
00101111000000 // 903 94.31252081630333
00101111000000 // 904 94.84174404543474
00101111100000 // 905 95.36739653650758
00101111100000 // 906 95.8894584990028
00110000000000 // 907 96.40791027758237
00110000000000 // 908 96.92273235282998
00110000100000 // 909 97.43390534198552
00110000100000 // 910 97.94140999967473
00110001000000 // 911 98.44522721863417
00110001000000 // 912 98.94533803043029
00110001100000 // 913 99.44172360617377
00110001100000 // 914 99.93436525722808
00110010000000 // 915 100.4232444359136
00110010000000 // 916 100.90834273620555
00110010100000 // 917 101.38964189442719
00110010100000 // 918 101.86712378993707
00110011000000 // 919 102.34077044581181
00110011000000 // 920 102.81056402952257
00110011100000 // 921 103.2764868536063
00110011100000 // 922 103.73852137633212
00110100000000 // 923 104.19665020236135
00110100000000 // 924 104.65085608340272
00110100100000 // 925 105.10112191886138
00110100100000 // 926 105.54743075648321
00110100100000 // 927 105.98976579299269
00110101000000 // 928 106.42811037472579
00110101000000 // 929 106.86244799825663
00110101100000 // 930 107.29276231101923
00110101100000 // 931 107.719037111923
00110110000000 // 932 108.1412563519625
00110110000000 // 933 108.55940413482203
00110110000000 // 934 108.9734647174739
00110110100000 // 935 109.38342251077127
00110110100000 // 936 109.78926208003482
00110111000000 // 937 110.19096814563419
00110111000000 // 938 110.58852558356305
00110111000000 // 939 110.98191942600866
00110111100000 // 940 111.37113486191505
00110111100000 // 941 111.7561572375411
00111000000000 // 942 112.13697205701206
00111000000000 // 943 112.51356498286508
00111000000000 // 944 112.88592183658942
00111000100000 // 945 113.25402859916
00111000100000 // 946 113.6178714115653
00111000100000 // 947 113.977436575329
00111001000000 // 948 114.33271055302593
00111001000000 // 949 114.68367996879167
00111001100000 // 950 115.03033160882609
00111001100000 // 951 115.3726524218908
00111001100000 // 952 115.71062951980072
00111010000000 // 953 116.04425017790918
00111010000000 // 954 116.37350183558686
00111010000000 // 955 116.698372096695
00111010100000 // 956 117.0188487300519
00111010100000 // 957 117.33491966989347
00111010100000 // 958 117.64657301632738
00111010100000 // 959 117.95379703578135
00111011000000 // 960 118.25658016144467
00111011000000 // 961 118.55491099370386
00111011000000 // 962 118.84877830057158
00111011100000 // 963 119.13817101810989
00111011100000 // 964 119.42307825084659
00111011100000 // 965 119.70348927218528
00111011100000 // 966 119.97939352480958
00111100000000 // 967 120.25078062108028
00111100000000 // 968 120.51764034342666
00111100000000 // 969 120.77996264473092
00111100100000 // 970 121.03773764870671
00111100100000 // 971 121.29095565027087
00111100100000 // 972 121.5396071159087
00111100100000 // 973 121.78368268403307
00111101000000 // 974 122.02317316533679
00111101000000 // 975 122.25806954313866
00111101000000 // 976 122.48836297372273
00111101000000 // 977 122.71404478667155
00111101000000 // 978 122.9351064851924
00111101100000 // 979 123.15153974643732
00111101100000 // 980 123.3633364218163
00111101100000 // 981 123.57048853730423
00111101100000 // 982 123.77298829374108
00111101100000 // 983 123.97082806712541
00111110000000 // 984 124.16400040890163
00111110000000 // 985 124.35249804624021
00111110000000 // 986 124.5363138823117
00111110000000 // 987 124.71544099655371
00111110000000 // 988 124.88987264493164
00111110100000 // 989 125.05960226019253
00111110100000 // 990 125.22462345211234
00111110100000 // 991 125.38493000773639
00111110100000 // 992 125.54051589161348
00111110100000 // 993 125.69137524602309
00111110100000 // 994 125.83750239119568
00111110100000 // 995 125.97889182552692
00111111000000 // 996 126.11553822578446
00111111000000 // 997 126.24743644730863
00111111000000 // 998 126.37458152420587
00111111000000 // 999 126.49696866953593
00111111000000 // 1000 126.61459327549196
00111111000000 // 1001 126.72745091357403
00111111000000 // 1002 126.83553733475584
00111111000000 // 1003 126.93884846964473
00111111100000 // 1004 127.03738042863488
00111111100000 // 1005 127.1311295020537
00111111100000 // 1006 127.22009216030158
00111111100000 // 1007 127.3042650539847
00111111100000 // 1008 127.3836450140412
00111111100000 // 1009 127.45822905186046
00111111100000 // 1010 127.52801435939558
00111111100000 // 1011 127.5929983092692
00111111100000 // 1012 127.65317845487235
00111111100000 // 1013 127.70855253045653
00111111100000 // 1014 127.7591184512191
00111111100000 // 1015 127.80487431338173
00111111100000 // 1016 127.84581839426207
00111111100000 // 1017 127.8819491523386
00111111100000 // 1018 127.91326522730873
00111111100000 // 1019 127.93976544013992
00111111100000 // 1020 127.96144879311414
00111111100000 // 1021 127.9783144698654
00111111100000 // 1022 127.9903618354105
00111111100000 // 1023 127.99759043617294