01111111111111  00000000000000  //  0 255.9744 0.0
01111111111111  00000000000000  //  1 255.96958135425865 0.0
01111111111110  00000000000000  //  2 255.95512559845392 0.0
01111111111101  00000000000000  //  3 255.9310332768368 0.0
01111111111100  00000000000000  //  4 255.89730529646968 0.0
01111111111011  00000000000000  //  5 255.8539429271918 0.0
01111111111001  00000000000000  //  6 255.80094780157202 0.0
01111111110111  00000000000000  //  7 255.73832191484675 0.0
01111111110101  00000000000000  //  8 255.66606762484528 0.0
01111111110010  00000000000000  //  9 255.58418765190078 0.0
01111111101111  00000000000000  // 10 255.49268507874794 0.0
01111111101100  00000000000000  // 11 255.39156335040698 0.0
01111111101000  00000000000000  // 12 255.2808262740537 0.0
01111111100101  00000000000000  // 13 255.16047801887655 0.0
01111111100000  00000000000000  // 14 255.0305231159193 0.0
01111111011100  00000000000000  // 15 254.89096645791054 0.0
01111111010111  00000000000000  // 16 254.7418132990796 0.0
01111111010010  00000000000000  // 17 254.5830692549586 0.0
01111111001101  00000000000000  // 18 254.41474030217108 0.0
01111111000111  00000000000000  // 19 254.23683277820697 0.0
01111111000001  00000000000000  // 20 254.04935338118403 0.0
01111110111011  00000000000000  // 21 253.85230916959554 0.0
01111110110100  00000000000000  // 22 253.64570756204472 0.0
01111110101101  00000000000000  // 23 253.42955633696536 0.0
01111110100110  00000000000000  // 24 253.20386363232885 0.0
01111110011110  00000000000000  // 25 252.96863794533795 0.0
01111110010111  00000000000000  // 26 252.7238881321069 0.0
01111110001111  00000000000000  // 27 252.4696234073278 0.0
01111110000110  00000000000000  // 28 252.2058533439238 0.0
01111101111101  00000000000000  // 29 251.9325878726887 0.0
01111101110100  00000000000000  // 30 251.64983728191314 0.0
01111101101011  00000000000000  // 31 251.35761221699693 0.0
01111101100001  00000000000000  // 32 251.05592368004866 0.0
01111101010111  00000000000000  // 33 250.74478302947122 0.0
01111101001101  00000000000000  // 34 250.42420197953425 0.0
01111101000011  00000000000000  // 35 250.09419259993308 0.0
01111100111000  00000000000000  // 36 249.75476731533433 0.0
01111100101100  00000000000000  // 37 249.4059389049081 0.0
01111100100001  00000000000000  // 38 249.04772050184695 0.0
01111100010101  00000000000000  // 39 248.6801255928712 0.0
01111100001001  00000000000000  // 40 248.30316801772148 0.0
01111011111101  00000000000000  // 41 247.91686196863742 0.0
01111011110000  00000000000000  // 42 247.52122198982337 0.0
01111011100011  00000000000000  // 43 247.11626297690103 0.0
01111011010110  00000000000000  // 44 246.70200017634824 0.0
01111011001000  00000000000000  // 45 246.27844918492536 0.0
01111010111011  00000000000000  // 46 245.8456259490878 0.0
01111010101100  00000000000000  // 47 245.4035467643858 0.0
01111010011110  00000000000000  // 48 244.9522282748507 0.0
01111010001111  00000000000000  // 49 244.49168747236868 0.0
01111010000000  00000000000000  // 50 244.02194169604056 0.0
01111001110001  00000000000000  // 51 243.54300863152932 0.0
01111001100001  00000000000000  // 52 243.05490631039422 0.0
01111001010001  00000000000000  // 53 242.55765310941166 0.0
01111001000001  00000000000000  // 54 242.05126774988372 0.0
01111000110001  00000000000000  // 55 241.53576929693293 0.0
01111000100000  00000000000000  // 56 241.01117715878465 0.0
01111000001111  00000000000000  // 57 240.4775110860364 0.0
01110111111101  00000000000000  // 58 239.93479117091422 0.0
01110111101100  00000000000000  // 59 239.38303784651615 0.0
01110111011010  00000000000000  // 60 238.822271886043 0.0
01110111001000  00000000000000  // 61 238.2525144020162 0.0
01110110110101  00000000000000  // 62 237.67378684548308 0.0
01110110100010  00000000000000  // 63 237.08611100520898 0.0
01110110001111  00000000000000  // 64 236.4895090068571 0.0
01110101111100  00000000000000  // 65 235.8840033121556 0.0
01110101101000  00000000000000  // 66 235.26961671805154 0.0
01110101010100  00000000000000  // 67 234.64637235585295 0.0
01110101000000  00000000000000  // 68 234.01429369035785 0.0
01110100101011  00000000000000  // 69 233.37340451897072 0.0
01110100010111  00000000000000  // 70 232.7237289708066 0.0
01110100000010  00000000000000  // 71 232.06529150578274 0.0
01110011101100  00000000000000  // 72 231.39811691369755 0.0
01110011010111  00000000000000  // 73 230.72223031329727 0.0
01110011000001  00000000000000  // 74 230.03765715133042 0.0
01110010101011  00000000000000  // 75 229.34442320158965 0.0
01110010010100  00000000000000  // 76 228.64255456394133 0.0
01110001111101  00000000000000  // 77 227.93207766334297 0.0
01110001100110  00000000000000  // 78 227.2130192488483 0.0
01110001001111  00000000000000  // 79 226.48540639260025 0.0
01110000110111  00000000000000  // 80 225.74926648881157 0.0
01110000100000  00000000000000  // 81 225.0046272527336 0.0
01110000001000  00000000000000  // 82 224.25151671961268 0.0
01101111101111  00000000000000  // 83 223.48996324363475 0.0
01101111010111  00000000000000  // 84 222.71999549685776 0.0
01101110111110  00000000000000  // 85 221.94164246813213 0.0
01101110100100  00000000000000  // 86 221.15493346200952 0.0
01101110001011  00000000000000  // 87 220.3598980976393 0.0
01101101110001  00000000000000  // 88 219.55656630765367 0.0
01101101010111  00000000000000  // 89 218.74496833704038 0.0
01101100111101  00000000000000  // 90 217.9251347420044 0.0
01101100100011  00000000000000  // 91 217.09709638881714 0.0
01101100001000  00000000000000  // 92 216.26088445265464 0.0
01101011101101  00000000000000  // 93 215.41653041642363 0.0
01101011010010  00000000000000  // 94 214.56406606957634 0.0
01101010110110  00000000000000  // 95 213.70352350691363 0.0
01101010011010  00000000000000  // 96 212.83493512737664 0.0
01101001111110  00000000000000  // 97 211.95833363282688 0.0
01101001100010  00000000000000  // 98 211.07375202681519 0.0
01101001000101  00000000000000  // 99 210.18122361333903 0.0
01101000101000  00000000000000  // 100 209.28078199558874 0.0
01101000001011  00000000000000  // 101 208.37246107468232 0.0
01100111101110  00000000000000  // 102 207.456295048389 0.0
01100111010001  00000000000000  // 103 206.5323184098419 0.0
01100110110011  00000000000000  // 104 205.60056594623921 0.0
01100110010101  00000000000000  // 105 204.6610727375345 0.0
01100101110110  00000000000000  // 106 203.7138741551162 0.0
01100101011000  00000000000000  // 107 202.7590058604755 0.0
01100100111001  00000000000000  // 108 201.79650380386397 0.0
01100100011010  00000000000000  // 109 200.82640422294008 0.0
01100011111011  00000000000000  // 110 199.84874364140475 0.0
01100011011011  00000000000000  // 111 198.86355886762627 0.0
01100010111011  00000000000000  // 112 197.87088699325457 0.0
01100010011011  00000000000000  // 113 196.87076539182468 0.0
01100001111011  00000000000000  // 114 195.86323171734955 0.0
01100001011011  00000000000000  // 115 194.84832390290262 0.0
01100000111010  00000000000000  // 116 193.82608015918947 0.0
01100000011001  00000000000000  // 117 192.79653897310928 0.0
01011111111000  00000000000000  // 118 191.7597391063058 0.0
01011111010110  00000000000000  // 119 190.715719593708 0.0
01011110110101  00000000000000  // 120 189.66451974206043 0.0
01011110010011  00000000000000  // 121 188.60617912844344 0.0
01011101110001  00000000000000  // 122 187.54073759878287 0.0
01011101001110  00000000000000  // 123 186.46823526635018 0.0
01011100101100  00000000000000  // 124 185.388712510252 0.0
01011100001001  00000000000000  // 125 184.3022099739099 0.0
01011011100110  00000000000000  // 126 183.2087685635303 0.0
01011011000011  00000000000000  // 127 182.10842944656434 0.0
01011010100000  00000000000000  // 128 181.0012340501578 0.0
01011001111100  00000000000000  // 129 179.88722405959157 0.0
01011001011000  00000000000000  // 130 178.7664414167122 0.0
01011000110100  00000000000000  // 131 177.63892831835264 0.0
01011000010000  00000000000000  // 132 176.50472721474387 0.0
01010111101011  00000000000000  // 133 175.3638808079163 0.0
01010111000110  00000000000000  // 134 174.21643205009244 0.0
01010110100001  00000000000000  // 135 173.06242414206937 0.0
01010101111100  00000000000000  // 136 171.90190053159262 0.0
01010101010111  00000000000000  // 137 170.73490491172024 0.0
01010100110001  00000000000000  // 138 169.56148121917767 0.0
01010100001100  00000000000000  // 139 168.38167363270372 0.0
01010011100110  00000000000000  // 140 167.19552657138723 0.0
01010011000000  00000000000000  // 141 166.00308469299466 0.0
01010010011001  00000000000000  // 142 164.80439289228863 0.0
01010001110011  00000000000000  // 143 163.59949629933809 0.0
01010001001100  00000000000000  // 144 162.38844027781866 0.0
01010000100101  00000000000000  // 145 161.17127042330512 0.0
01001111111110  00000000000000  // 146 159.9480325615545 0.0
01001111010111  00000000000000  // 147 158.7187727467809 0.0
01001110101111  00000000000000  // 148 157.4835372599216 0.0
01001110000111  00000000000000  // 149 156.24237260689455 0.0
01001101011111  00000000000000  // 150 154.9953255168474 0.0
01001100110111  00000000000000  // 151 153.74244294039823 0.0
01001100001111  00000000000000  // 152 152.48377204786797 0.0
01001011100111  00000000000000  // 153 151.21936022750424 0.0
01001010111110  00000000000000  // 154 149.94925508369747 0.0
01001010010101  00000000000000  // 155 148.67350443518848 0.0
01001001101100  00000000000000  // 156 147.39215631326812 0.0
01001001000011  00000000000000  // 157 146.10525895996895 0.0
01001000011010  00000000000000  // 158 144.81286082624894 0.0
01000111110000  00000000000000  // 159 143.51501057016736 0.0
01000111000110  00000000000000  // 160 142.21175705505289 0.0
01000110011100  00000000000000  // 161 140.90314934766366 0.0
01000101110010  00000000000000  // 162 139.58923671634028 0.0
01000101001000  00000000000000  // 163 138.27006862915073 0.0
01000100011110  00000000000000  // 164 136.9456947520278 0.0
01000011110011  00000000000000  // 165 135.61616494689952 0.0
01000011001001  00000000000000  // 166 134.28152926981144 0.0
01000010011110  00000000000000  // 167 132.9418379690427 0.0
01000001110011  00000000000000  // 168 131.5971414832134 0.0
01000001000111  00000000000000  // 169 130.2474904393863 0.0
01000000011100  00000000000000  // 170 128.89293565116031 0.0
00111111110001  00000000000000  // 171 127.53352811675765 0.0
00111111000101  00000000000000  // 172 126.16931901710365 0.0
00111110011001  00000000000000  // 173 124.80035971389984 0.0
00111101101101  00000000000000  // 174 123.42670174769022 0.0
00111101000001  00000000000000  // 175 122.04839683592088 0.0
00111100010101  00000000000000  // 176 120.6654968709927 0.0
00111011101000  00000000000000  // 177 119.27805391830766 0.0
00111010111100  00000000000000  // 178 117.88612021430892 0.0
00111010001111  00000000000000  // 179 116.48974816451359 0.0
00111001100010  00000000000000  // 180 115.08899034154012 0.0
00111000110101  00000000000000  // 181 113.68389948312888 0.0
00111000001000  00000000000000  // 182 112.27452849015651 0.0
00110111011011  00000000000000  // 183 110.86093042464428 0.0
00110110101110  00000000000000  // 184 109.44315850776043 0.0
00110110000000  00000000000000  // 185 108.02126611781627 0.0
00110101010011  00000000000000  // 186 106.59530678825665 0.0
00110100100101  00000000000000  // 187 105.16533420564431 0.0
00110011110111  00000000000000  // 188 103.73140220763888 0.0
00110011001001  00000000000000  // 189 102.29356478096953 0.0
00110010011011  00000000000000  // 190 100.85187605940276 0.0
00110001101101  00000000000000  // 191 99.40639032170404 0.0
00110000111110  00000000000000  // 192 97.95716198959445 0.0
00110000010000  00000000000000  // 193 96.50424562570154 0.0
00101111100001  00000000000000  // 194 95.04769593150526 0.0
00101110110010  00000000000000  // 195 93.58756774527833 0.0
00101110000011  00000000000000  // 196 92.1239160400217 0.0
00101101010101  00000000000000  // 197 90.6567959213948 0.0
00101100100101  00000000000000  // 198 89.18626262564085 0.0
00101011110110  00000000000000  // 199 87.71237151750738 0.0
00101011000111  00000000000000  // 200 86.23517808816149 0.0
00101010011000  00000000000000  // 201 84.75473795310091 0.0
00101001101000  00000000000000  // 202 83.27110685005997 0.0
00101000111001  00000000000000  // 203 81.78434063691114 0.0
00101000001001  00000000000000  // 204 80.29449528956204 0.0
00100111011001  00000000000000  // 205 78.80162689984789 0.0
00100110101001  00000000000000  // 206 77.30579167341985 0.0
00100101111001  00000000000000  // 207 75.80704592762869 0.0
00100101001001  00000000000000  // 208 74.30544608940464 0.0
00100100011001  00000000000000  // 209 72.80104869313298 0.0
00100011101001  00000000000000  // 210 71.29391037852533 0.0
00100010111001  00000000000000  // 211 69.78408788848742 0.0
00100010001000  00000000000000  // 212 68.27163806698263 0.0
00100001011000  00000000000000  // 213 66.75661785689192 0.0
00100000100111  00000000000000  // 214 65.23908429786987 0.0
00011111110111  00000000000000  // 215 63.719094524197295 0.0
00011111000110  00000000000000  // 216 62.19670576263005 0.0
00011110010101  00000000000000  // 217 60.671975330244585 0.0
00011101100100  00000000000000  // 218 59.14496063227986 0.0
00011100110011  00000000000000  // 219 57.61571915997614 0.0
00011100000010  00000000000000  // 220 56.08430848841065 0.0
00011011010001  00000000000000  // 221 54.55078627432954 0.0
00011010100000  00000000000000  // 222 53.01521025397743 0.0
00011001101111  00000000000000  // 223 51.47763824092358 0.0
00011000111110  00000000000000  // 224 49.93812812388524 0.0
00011000001100  00000000000000  // 225 48.39673786454817 0.0
00010111011011  00000000000000  // 226 46.85352549538446 0.0
00010110101001  00000000000000  // 227 45.30854911746756 0.0
00010101111000  00000000000000  // 228 43.761866898284886 0.0
00010101000110  00000000000000  // 229 42.2135370695478 0.0
00010100010101  00000000000000  // 230 40.66361792499917 0.0
00010011100011  00000000000000  // 231 39.1121678182189 0.0
00010010110001  00000000000000  // 232 37.55924516042655 0.0
00010010000000  00000000000000  // 233 36.00490841828248 0.0
00010001001110  00000000000000  // 234 34.44921611168653 0.0
00010000011100  00000000000000  // 235 32.892226811574744 0.0
00001111101010  00000000000000  // 236 31.33399913771427 0.0
00001110111000  00000000000000  // 237 29.774591756496303 0.0
00001110000110  00000000000000  // 238 28.21406337872737 0.0
00001101010100  00000000000000  // 239 26.652472757418884 0.0
00001100100010  00000000000000  // 240 25.08987868557512 0.0
00001011110000  00000000000000  // 241 23.526339993979644 0.0
00001010111110  00000000000000  // 242 21.961915548980592 0.0
00001010001100  00000000000000  // 243 20.396664250274043 0.0
00001001011010  00000000000000  // 244 18.830645028686718 0.0
00001000101000  00000000000000  // 245 17.263916843957183 0.0
00000111110110  00000000000000  // 246 15.696538682516078 0.0
00000111000100  00000000000000  // 247 14.128569555265296 0.0
00000110010001  00000000000000  // 248 12.560068495356258 0.0
00000101011111  00000000000000  // 249 10.99109455596735 0.0
00000100101101  00000000000000  // 250 9.421706808080604 0.0
00000011111011  00000000000000  // 251 7.851964338257643 0.0
00000011001001  00000000000000  // 252 6.281926246415353 0.0
00000010010110  00000000000000  // 253 4.711651643600446 0.0
00000001100100  00000000000000  // 254 3.141199649764191 0.0
00000000110010  00000000000000  // 255 1.5706293915365375 0.0
00000000000000  00000000000000  // 256 1.5673911481183213e-14 0.0
11111111001101  00000000000000  // 257 -1.5706293915365062 0.0
11111110011011  00000000000000  // 258 -3.14119964976416 0.0
11111101101001  00000000000000  // 259 -4.711651643600414 0.0
11111100110110  00000000000000  // 260 -6.281926246415322 0.0
11111100000100  00000000000000  // 261 -7.851964338257612 0.0
11111011010010  00000000000000  // 262 -9.421706808080572 0.0
11111010100000  00000000000000  // 263 -10.991094555967319 0.0
11111001101110  00000000000000  // 264 -12.560068495356228 0.0
11111000111011  00000000000000  // 265 -14.128569555265265 0.0
11111000001001  00000000000000  // 266 -15.696538682516048 0.0
11110111010111  00000000000000  // 267 -17.26391684395715 0.0
11110110100101  00000000000000  // 268 -18.830645028686686 0.0
11110101110011  00000000000000  // 269 -20.396664250274014 0.0
11110101000001  00000000000000  // 270 -21.96191554898056 0.0
11110100001111  00000000000000  // 271 -23.52633999397961 0.0
11110011011101  00000000000000  // 272 -25.089878685575087 0.0
11110010101011  00000000000000  // 273 -26.652472757418852 0.0
11110001111001  00000000000000  // 274 -28.21406337872734 0.0
11110001000111  00000000000000  // 275 -29.77459175649627 0.0
11110000010101  00000000000000  // 276 -31.333999137714237 0.0
11101111100011  00000000000000  // 277 -32.892226811574716 0.0
11101110110001  00000000000000  // 278 -34.4492161116865 0.0
11101101111111  00000000000000  // 279 -36.004908418282454 0.0
11101101001110  00000000000000  // 280 -37.55924516042652 0.0
11101100011100  00000000000000  // 281 -39.11216781821887 0.0
11101011101010  00000000000000  // 282 -40.663617924999144 0.0
11101010111001  00000000000000  // 283 -42.21353706954776 0.0
11101010000111  00000000000000  // 284 -43.76186689828486 0.0
11101001010110  00000000000000  // 285 -45.30854911746753 0.0
11101000100100  00000000000000  // 286 -46.853525495384424 0.0
11100111110011  00000000000000  // 287 -48.39673786454814 0.0
11100111000001  00000000000000  // 288 -49.93812812388521 0.0
11100110010000  00000000000000  // 289 -51.47763824092355 0.0
11100101011111  00000000000000  // 290 -53.0152102539774 0.0
11100100101110  00000000000000  // 291 -54.55078627432951 0.0
11100011111101  00000000000000  // 292 -56.08430848841062 0.0
11100011001100  00000000000000  // 293 -57.61571915997611 0.0
11100010011011  00000000000000  // 294 -59.144960632279826 0.0
11100001101010  00000000000000  // 295 -60.67197533024456 0.0
11100000111001  00000000000000  // 296 -62.196705762630025 0.0
11100000001000  00000000000000  // 297 -63.71909452419726 0.0
11011111011000  00000000000000  // 298 -65.23908429786984 0.0
11011110100111  00000000000000  // 299 -66.75661785689189 0.0
11011101110111  00000000000000  // 300 -68.2716380669826 0.0
11011101000110  00000000000000  // 301 -69.78408788848739 0.0
11011100010110  00000000000000  // 302 -71.2939103785253 0.0
11011011100110  00000000000000  // 303 -72.80104869313296 0.0
11011010110110  00000000000000  // 304 -74.3054460894046 0.0
11011010000110  00000000000000  // 305 -75.80704592762866 0.0
11011001010110  00000000000000  // 306 -77.30579167341982 0.0
11011000100110  00000000000000  // 307 -78.80162689984786 0.0
11010111110110  00000000000000  // 308 -80.294495289562 0.0
11010111000110  00000000000000  // 309 -81.78434063691111 0.0
11010110010111  00000000000000  // 310 -83.27110685005994 0.0
11010101100111  00000000000000  // 311 -84.75473795310089 0.0
11010100111000  00000000000000  // 312 -86.23517808816146 0.0
11010100001001  00000000000000  // 313 -87.71237151750735 0.0
11010011011010  00000000000000  // 314 -89.18626262564082 0.0
11010010101010  00000000000000  // 315 -90.65679592139477 0.0
11010001111100  00000000000000  // 316 -92.12391604002167 0.0
11010001001101  00000000000000  // 317 -93.5875677452783 0.0
11010000011110  00000000000000  // 318 -95.04769593150523 0.0
11001111101111  00000000000000  // 319 -96.50424562570151 0.0
11001111000001  00000000000000  // 320 -97.95716198959443 0.0
11001110010010  00000000000000  // 321 -99.40639032170401 0.0
11001101100100  00000000000000  // 322 -100.85187605940273 0.0
11001100110110  00000000000000  // 323 -102.2935647809695 0.0
11001100001000  00000000000000  // 324 -103.73140220763885 0.0
11001011011010  00000000000000  // 325 -105.16533420564429 0.0
11001010101100  00000000000000  // 326 -106.59530678825656 0.0
11001001111111  00000000000000  // 327 -108.02126611781624 0.0
11001001010001  00000000000000  // 328 -109.44315850776034 0.0
11001000100100  00000000000000  // 329 -110.86093042464425 0.0
11000111110111  00000000000000  // 330 -112.27452849015643 0.0
11000111001010  00000000000000  // 331 -113.68389948312885 0.0
11000110011101  00000000000000  // 332 -115.08899034154015 0.0
11000101110000  00000000000000  // 333 -116.48974816451356 0.0
11000101000011  00000000000000  // 334 -117.88612021430893 0.0
11000100010111  00000000000000  // 335 -119.27805391830763 0.0
11000011101010  00000000000000  // 336 -120.66549687099267 0.0
11000010111110  00000000000000  // 337 -122.0483968359208 0.0
11000010010010  00000000000000  // 338 -123.42670174769019 0.0
11000001100110  00000000000000  // 339 -124.80035971389975 0.0
11000000111010  00000000000000  // 340 -126.16931901710362 0.0
11000000001110  00000000000000  // 341 -127.53352811675758 0.0
10111111100011  00000000000000  // 342 -128.8929356511603 0.0
10111110111000  00000000000000  // 343 -130.24749043938633 0.0
10111110001100  00000000000000  // 344 -131.5971414832134 0.0
10111101100001  00000000000000  // 345 -132.94183796904272 0.0
10111100110110  00000000000000  // 346 -134.28152926981141 0.0
10111100001100  00000000000000  // 347 -135.6161649468995 0.0
10111011100001  00000000000000  // 348 -136.94569475202775 0.0
10111010110111  00000000000000  // 349 -138.2700686291507 0.0
10111010001101  00000000000000  // 350 -139.58923671634022 0.0
10111001100011  00000000000000  // 351 -140.90314934766363 0.0
10111000111001  00000000000000  // 352 -142.2117570550528 0.0
10111000001111  00000000000000  // 353 -143.51501057016733 0.0
10110111100101  00000000000000  // 354 -144.81286082624894 0.0
10110110111100  00000000000000  // 355 -146.1052589599689 0.0
10110110010011  00000000000000  // 356 -147.39215631326812 0.0
10110101101010  00000000000000  // 357 -148.67350443518845 0.0
10110101000001  00000000000000  // 358 -149.94925508369747 0.0
10110100011000  00000000000000  // 359 -151.21936022750418 0.0
10110011110000  00000000000000  // 360 -152.48377204786794 0.0
10110011001000  00000000000000  // 361 -153.74244294039818 0.0
10110010100000  00000000000000  // 362 -154.99532551684737 0.0
10110001111000  00000000000000  // 363 -156.24237260689458 0.0
10110001010000  00000000000000  // 364 -157.48353725992158 0.0
10110000101000  00000000000000  // 365 -158.7187727467809 0.0
10110000000001  00000000000000  // 366 -159.94803256155444 0.0
10101111011010  00000000000000  // 367 -161.17127042330512 0.0
10101110110011  00000000000000  // 368 -162.38844027781863 0.0
10101110001100  00000000000000  // 369 -163.59949629933809 0.0
10101101100110  00000000000000  // 370 -164.80439289228858 0.0
10101100111111  00000000000000  // 371 -166.00308469299463 0.0
10101100011001  00000000000000  // 372 -167.19552657138718 0.0
10101011110011  00000000000000  // 373 -168.38167363270372 0.0
10101011001110  00000000000000  // 374 -169.5614812191777 0.0
10101010101000  00000000000000  // 375 -170.7349049117202 0.0
10101010000011  00000000000000  // 376 -171.90190053159264 0.0
10101001011110  00000000000000  // 377 -173.06242414206932 0.0
10101000111001  00000000000000  // 378 -174.2164320500924 0.0
10101000010100  00000000000000  // 379 -175.36388080791627 0.0
10100111101111  00000000000000  // 380 -176.50472721474387 0.0
10100111001011  00000000000000  // 381 -177.63892831835258 0.0
10100110100111  00000000000000  // 382 -178.76644141671218 0.0
10100110000011  00000000000000  // 383 -179.88722405959152 0.0
10100101011111  00000000000000  // 384 -181.00123405015776 0.0
10100100111100  00000000000000  // 385 -182.10842944656437 0.0
10100100011001  00000000000000  // 386 -183.2087685635303 0.0
10100011110110  00000000000000  // 387 -184.3022099739099 0.0
10100011010011  00000000000000  // 388 -185.38871251025193 0.0
10100010110001  00000000000000  // 389 -186.46823526635018 0.0
10100010001110  00000000000000  // 390 -187.54073759878284 0.0
10100001101100  00000000000000  // 391 -188.60617912844344 0.0
10100001001010  00000000000000  // 392 -189.66451974206038 0.0
10100000101001  00000000000000  // 393 -190.71571959370797 0.0
10100000000111  00000000000000  // 394 -191.75973910630574 0.0
10011111100110  00000000000000  // 395 -192.79653897310925 0.0
10011111000101  00000000000000  // 396 -193.82608015918947 0.0
10011110100100  00000000000000  // 397 -194.8483239029026 0.0
10011110000100  00000000000000  // 398 -195.86323171734955 0.0
10011101100100  00000000000000  // 399 -196.87076539182462 0.0
10011101000100  00000000000000  // 400 -197.87088699325457 0.0
10011100100100  00000000000000  // 401 -198.86355886762624 0.0
10011100000100  00000000000000  // 402 -199.84874364140475 0.0
10011011100101  00000000000000  // 403 -200.82640422294003 0.0
10011011000110  00000000000000  // 404 -201.79650380386394 0.0
10011010100111  00000000000000  // 405 -202.75900586047544 0.0
10011010001001  00000000000000  // 406 -203.71387415511617 0.0
10011001101010  00000000000000  // 407 -204.66107273753454 0.0
10011001001100  00000000000000  // 408 -205.6005659462392 0.0
10011000101110  00000000000000  // 409 -206.5323184098419 0.0
10011000010001  00000000000000  // 410 -207.45629504838897 0.0
10010111110100  00000000000000  // 411 -208.37246107468232 0.0
10010111010111  00000000000000  // 412 -209.2807819955887 0.0
10010110111010  00000000000000  // 413 -210.18122361333903 0.0
10010110011101  00000000000000  // 414 -211.07375202681513 0.0
10010110000001  00000000000000  // 415 -211.95833363282685 0.0
10010101100101  00000000000000  // 416 -212.83493512737667 0.0
10010101001001  00000000000000  // 417 -213.70352350691363 0.0
10010100101101  00000000000000  // 418 -214.56406606957634 0.0
10010100010010  00000000000000  // 419 -215.4165304164236 0.0
10010011110111  00000000000000  // 420 -216.26088445265464 0.0
10010011011100  00000000000000  // 421 -217.0970963888171 0.0
10010011000010  00000000000000  // 422 -217.9251347420044 0.0
10010010101000  00000000000000  // 423 -218.74496833704035 0.0
10010010001110  00000000000000  // 424 -219.55656630765364 0.0
10010001110100  00000000000000  // 425 -220.35989809763925 0.0
10010001011011  00000000000000  // 426 -221.1549334620095 0.0
10010001000001  00000000000000  // 427 -221.94164246813216 0.0
10010000101000  00000000000000  // 428 -222.71999549685773 0.0
10010000010000  00000000000000  // 429 -223.48996324363475 0.0
10001111110111  00000000000000  // 430 -224.25151671961265 0.0
10001111011111  00000000000000  // 431 -225.0046272527336 0.0
10001111001000  00000000000000  // 432 -225.74926648881154 0.0
10001110110000  00000000000000  // 433 -226.48540639260025 0.0
10001110011001  00000000000000  // 434 -227.21301924884827 0.0
10001110000010  00000000000000  // 435 -227.93207766334297 0.0
10001101101011  00000000000000  // 436 -228.6425545639413 0.0
10001101010100  00000000000000  // 437 -229.34442320158962 0.0
10001100111110  00000000000000  // 438 -230.03765715133045 0.0
10001100101000  00000000000000  // 439 -230.72223031329725 0.0
10001100010011  00000000000000  // 440 -231.39811691369755 0.0
10001011111101  00000000000000  // 441 -232.06529150578274 0.0
10001011101000  00000000000000  // 442 -232.7237289708066 0.0
10001011010100  00000000000000  // 443 -233.3734045189707 0.0
10001010111111  00000000000000  // 444 -234.01429369035785 0.0
10001010101011  00000000000000  // 445 -234.64637235585292 0.0
10001010010111  00000000000000  // 446 -235.26961671805154 0.0
10001010000011  00000000000000  // 447 -235.88400331215556 0.0
10001001110000  00000000000000  // 448 -236.4895090068571 0.0
10001001011101  00000000000000  // 449 -237.08611100520898 0.0
10001001001010  00000000000000  // 450 -237.67378684548305 0.0
10001000110111  00000000000000  // 451 -238.2525144020162 0.0
10001000100101  00000000000000  // 452 -238.82227188604298 0.0
10001000010011  00000000000000  // 453 -239.38303784651615 0.0
10001000000010  00000000000000  // 454 -239.9347911709142 0.0
10000111110000  00000000000000  // 455 -240.4775110860364 0.0
10000111011111  00000000000000  // 456 -241.01117715878462 0.0
10000111001110  00000000000000  // 457 -241.53576929693293 0.0
10000110111110  00000000000000  // 458 -242.0512677498837 0.0
10000110101110  00000000000000  // 459 -242.55765310941166 0.0
10000110011110  00000000000000  // 460 -243.05490631039422 0.0
10000110001110  00000000000000  // 461 -243.54300863152932 0.0
10000101111111  00000000000000  // 462 -244.02194169604056 0.0
10000101110000  00000000000000  // 463 -244.49168747236865 0.0
10000101100001  00000000000000  // 464 -244.9522282748507 0.0
10000101010011  00000000000000  // 465 -245.40354676438577 0.0
10000101000100  00000000000000  // 466 -245.8456259490878 0.0
10000100110111  00000000000000  // 467 -246.27844918492534 0.0
10000100101001  00000000000000  // 468 -246.70200017634824 0.0
10000100011100  00000000000000  // 469 -247.116262976901 0.0
10000100001111  00000000000000  // 470 -247.52122198982337 0.0
10000100000010  00000000000000  // 471 -247.91686196863742 0.0
10000011110110  00000000000000  // 472 -248.30316801772148 0.0
10000011101010  00000000000000  // 473 -248.6801255928712 0.0
10000011011110  00000000000000  // 474 -249.04772050184692 0.0
10000011010011  00000000000000  // 475 -249.4059389049081 0.0
10000011000111  00000000000000  // 476 -249.7547673153343 0.0
10000010111100  00000000000000  // 477 -250.09419259993308 0.0
10000010110010  00000000000000  // 478 -250.42420197953422 0.0
10000010101000  00000000000000  // 479 -250.74478302947122 0.0
10000010011110  00000000000000  // 480 -251.05592368004866 0.0
10000010010100  00000000000000  // 481 -251.35761221699693 0.0
10000010001011  00000000000000  // 482 -251.64983728191314 0.0
10000010000010  00000000000000  // 483 -251.9325878726887 0.0
10000001111001  00000000000000  // 484 -252.2058533439238 0.0
10000001110000  00000000000000  // 485 -252.46962340732776 0.0
10000001101000  00000000000000  // 486 -252.7238881321069 0.0
10000001100001  00000000000000  // 487 -252.96863794533795 0.0
10000001011001  00000000000000  // 488 -253.20386363232885 0.0
10000001010010  00000000000000  // 489 -253.42955633696533 0.0
10000001001011  00000000000000  // 490 -253.64570756204472 0.0
10000001000100  00000000000000  // 491 -253.85230916959554 0.0
10000000111110  00000000000000  // 492 -254.04935338118403 0.0
10000000111000  00000000000000  // 493 -254.23683277820697 0.0
10000000110010  00000000000000  // 494 -254.41474030217108 0.0
10000000101101  00000000000000  // 495 -254.5830692549586 0.0
10000000101000  00000000000000  // 496 -254.74181329907958 0.0
10000000100011  00000000000000  // 497 -254.89096645791054 0.0
10000000011111  00000000000000  // 498 -255.0305231159193 0.0
10000000011010  00000000000000  // 499 -255.16047801887655 0.0
10000000010111  00000000000000  // 500 -255.2808262740537 0.0
10000000010011  00000000000000  // 501 -255.39156335040698 0.0
10000000010000  00000000000000  // 502 -255.49268507874794 0.0
10000000001101  00000000000000  // 503 -255.58418765190078 0.0
10000000001010  00000000000000  // 504 -255.66606762484528 0.0
10000000001000  00000000000000  // 505 -255.73832191484675 0.0
10000000000110  00000000000000  // 506 -255.80094780157202 0.0
10000000000100  00000000000000  // 507 -255.8539429271918 0.0
10000000000011  00000000000000  // 508 -255.89730529646968 0.0
10000000000010  00000000000000  // 509 -255.9310332768368 0.0
10000000000001  00000000000000  // 510 -255.95512559845392 0.0
10000000000000  00000000000000  // 511 -255.96958135425865 0.0
10000000000000  00000000000000  // 512 -255.9744 0.0
10000000000000  00000000000000  // 513 -255.96958135425865 0.0
10000000000001  00000000000000  // 514 -255.95512559845392 0.0
10000000000010  00000000000000  // 515 -255.9310332768368 0.0
10000000000011  00000000000000  // 516 -255.89730529646968 0.0
10000000000100  00000000000000  // 517 -255.8539429271918 0.0
10000000000110  00000000000000  // 518 -255.80094780157202 0.0
10000000001000  00000000000000  // 519 -255.73832191484675 0.0
10000000001010  00000000000000  // 520 -255.66606762484528 0.0
10000000001101  00000000000000  // 521 -255.58418765190078 0.0
10000000010000  00000000000000  // 522 -255.49268507874794 0.0
10000000010011  00000000000000  // 523 -255.39156335040698 0.0
10000000010111  00000000000000  // 524 -255.2808262740537 0.0
10000000011010  00000000000000  // 525 -255.16047801887657 0.0
10000000011111  00000000000000  // 526 -255.0305231159193 0.0
10000000100011  00000000000000  // 527 -254.89096645791054 0.0
10000000101000  00000000000000  // 528 -254.7418132990796 0.0
10000000101101  00000000000000  // 529 -254.58306925495862 0.0
10000000110010  00000000000000  // 530 -254.41474030217108 0.0
10000000111000  00000000000000  // 531 -254.236832778207 0.0
10000000111110  00000000000000  // 532 -254.04935338118403 0.0
10000001000100  00000000000000  // 533 -253.85230916959554 0.0
10000001001011  00000000000000  // 534 -253.64570756204472 0.0
10000001010010  00000000000000  // 535 -253.42955633696536 0.0
10000001011001  00000000000000  // 536 -253.20386363232885 0.0
10000001100001  00000000000000  // 537 -252.96863794533795 0.0
10000001101000  00000000000000  // 538 -252.7238881321069 0.0
10000001110000  00000000000000  // 539 -252.4696234073278 0.0
10000001111001  00000000000000  // 540 -252.20585334392382 0.0
10000010000010  00000000000000  // 541 -251.93258787268874 0.0
10000010001011  00000000000000  // 542 -251.64983728191316 0.0
10000010010100  00000000000000  // 543 -251.35761221699693 0.0
10000010011110  00000000000000  // 544 -251.05592368004866 0.0
10000010101000  00000000000000  // 545 -250.74478302947122 0.0
10000010110010  00000000000000  // 546 -250.42420197953425 0.0
10000010111100  00000000000000  // 547 -250.09419259993308 0.0
10000011000111  00000000000000  // 548 -249.75476731533433 0.0
10000011010011  00000000000000  // 549 -249.4059389049081 0.0
10000011011110  00000000000000  // 550 -249.04772050184695 0.0
10000011101010  00000000000000  // 551 -248.68012559287124 0.0
10000011110110  00000000000000  // 552 -248.30316801772148 0.0
10000100000010  00000000000000  // 553 -247.91686196863742 0.0
10000100001111  00000000000000  // 554 -247.5212219898234 0.0
10000100011100  00000000000000  // 555 -247.11626297690103 0.0
10000100101001  00000000000000  // 556 -246.70200017634826 0.0
10000100110111  00000000000000  // 557 -246.27844918492536 0.0
10000101000100  00000000000000  // 558 -245.84562594908783 0.0
10000101010011  00000000000000  // 559 -245.4035467643858 0.0
10000101100001  00000000000000  // 560 -244.95222827485074 0.0
10000101110000  00000000000000  // 561 -244.49168747236868 0.0
10000101111111  00000000000000  // 562 -244.02194169604059 0.0
10000110001110  00000000000000  // 563 -243.54300863152935 0.0
10000110011110  00000000000000  // 564 -243.05490631039424 0.0
10000110101110  00000000000000  // 565 -242.5576531094117 0.0
10000110111110  00000000000000  // 566 -242.05126774988372 0.0
10000111001110  00000000000000  // 567 -241.53576929693293 0.0
10000111011111  00000000000000  // 568 -241.01117715878465 0.0
10000111110000  00000000000000  // 569 -240.47751108603643 0.0
10001000000010  00000000000000  // 570 -239.93479117091422 0.0
10001000010011  00000000000000  // 571 -239.38303784651617 0.0
10001000100101  00000000000000  // 572 -238.822271886043 0.0
10001000110111  00000000000000  // 573 -238.25251440201623 0.0
10001001001010  00000000000000  // 574 -237.67378684548308 0.0
10001001011101  00000000000000  // 575 -237.086111005209 0.0
10001001110000  00000000000000  // 576 -236.48950900685713 0.0
10001010000011  00000000000000  // 577 -235.88400331215558 0.0
10001010010111  00000000000000  // 578 -235.26961671805154 0.0
10001010101011  00000000000000  // 579 -234.64637235585295 0.0
10001010111111  00000000000000  // 580 -234.01429369035785 0.0
10001011010100  00000000000000  // 581 -233.37340451897072 0.0
10001011101000  00000000000000  // 582 -232.72372897080663 0.0
10001011111101  00000000000000  // 583 -232.06529150578277 0.0
10001100010011  00000000000000  // 584 -231.39811691369758 0.0
10001100101000  00000000000000  // 585 -230.72223031329727 0.0
10001100111110  00000000000000  // 586 -230.03765715133048 0.0
10001101010100  00000000000000  // 587 -229.34442320158965 0.0
10001101101011  00000000000000  // 588 -228.64255456394133 0.0
10001110000010  00000000000000  // 589 -227.932077663343 0.0
10001110011001  00000000000000  // 590 -227.2130192488483 0.0
10001110110000  00000000000000  // 591 -226.48540639260028 0.0
10001111001000  00000000000000  // 592 -225.74926648881157 0.0
10001111011111  00000000000000  // 593 -225.00462725273363 0.0
10001111110111  00000000000000  // 594 -224.25151671961268 0.0
10010000010000  00000000000000  // 595 -223.48996324363478 0.0
10010000101000  00000000000000  // 596 -222.71999549685776 0.0
10010001000001  00000000000000  // 597 -221.9416424681322 0.0
10010001011011  00000000000000  // 598 -221.15493346200952 0.0
10010001110100  00000000000000  // 599 -220.3598980976393 0.0
10010010001110  00000000000000  // 600 -219.55656630765367 0.0
10010010101000  00000000000000  // 601 -218.74496833704038 0.0
10010011000010  00000000000000  // 602 -217.92513474200442 0.0
10010011011100  00000000000000  // 603 -217.09709638881714 0.0
10010011110111  00000000000000  // 604 -216.26088445265466 0.0
10010100010010  00000000000000  // 605 -215.41653041642363 0.0
10010100101101  00000000000000  // 606 -214.56406606957637 0.0
10010101001001  00000000000000  // 607 -213.70352350691365 0.0
10010101100101  00000000000000  // 608 -212.8349351273767 0.0
10010110000001  00000000000000  // 609 -211.95833363282688 0.0
10010110011101  00000000000000  // 610 -211.07375202681519 0.0
10010110111010  00000000000000  // 611 -210.18122361333906 0.0
10010111010111  00000000000000  // 612 -209.28078199558874 0.0
10010111110100  00000000000000  // 613 -208.37246107468235 0.0
10011000010001  00000000000000  // 614 -207.456295048389 0.0
10011000101110  00000000000000  // 615 -206.53231840984193 0.0
10011001001100  00000000000000  // 616 -205.60056594623921 0.0
10011001101010  00000000000000  // 617 -204.66107273753457 0.0
10011010001001  00000000000000  // 618 -203.7138741551162 0.0
10011010100111  00000000000000  // 619 -202.75900586047547 0.0
10011011000110  00000000000000  // 620 -201.79650380386397 0.0
10011011100101  00000000000000  // 621 -200.82640422294008 0.0
10011100000100  00000000000000  // 622 -199.84874364140478 0.0
10011100100100  00000000000000  // 623 -198.86355886762627 0.0
10011101000100  00000000000000  // 624 -197.8708869932546 0.0
10011101100100  00000000000000  // 625 -196.87076539182468 0.0
10011110000100  00000000000000  // 626 -195.86323171734958 0.0
10011110100100  00000000000000  // 627 -194.84832390290265 0.0
10011111000101  00000000000000  // 628 -193.82608015918953 0.0
10011111100110  00000000000000  // 629 -192.7965389731093 0.0
10100000000111  00000000000000  // 630 -191.75973910630577 0.0
10100000101001  00000000000000  // 631 -190.715719593708 0.0
10100001001010  00000000000000  // 632 -189.66451974206043 0.0
10100001101100  00000000000000  // 633 -188.60617912844347 0.0
10100010001110  00000000000000  // 634 -187.54073759878287 0.0
10100010110001  00000000000000  // 635 -186.46823526635023 0.0
10100011010011  00000000000000  // 636 -185.388712510252 0.0
10100011110110  00000000000000  // 637 -184.30220997390995 0.0
10100100011001  00000000000000  // 638 -183.20876856353033 0.0
10100100111100  00000000000000  // 639 -182.1084294465644 0.0
10100101011111  00000000000000  // 640 -181.00123405015782 0.0
10100110000011  00000000000000  // 641 -179.88722405959157 0.0
10100110100111  00000000000000  // 642 -178.76644141671224 0.0
10100111001011  00000000000000  // 643 -177.63892831835264 0.0
10100111101111  00000000000000  // 644 -176.5047272147439 0.0
10101000010100  00000000000000  // 645 -175.3638808079163 0.0
10101000111001  00000000000000  // 646 -174.21643205009246 0.0
10101001011110  00000000000000  // 647 -173.06242414206937 0.0
10101010000011  00000000000000  // 648 -171.9019005315927 0.0
10101010101000  00000000000000  // 649 -170.73490491172026 0.0
10101011001110  00000000000000  // 650 -169.56148121917772 0.0
10101011110011  00000000000000  // 651 -168.38167363270375 0.0
10101100011001  00000000000000  // 652 -167.19552657138732 0.0
10101100111111  00000000000000  // 653 -166.00308469299458 0.0
10101101100110  00000000000000  // 654 -164.80439289228863 0.0
10101110001100  00000000000000  // 655 -163.59949629933814 0.0
10101110110011  00000000000000  // 656 -162.38844027781877 0.0
10101111011010  00000000000000  // 657 -161.17127042330506 0.0
10110000000001  00000000000000  // 658 -159.9480325615545 0.0
10110000101000  00000000000000  // 659 -158.71877274678096 0.0
10110001010000  00000000000000  // 660 -157.48353725992172 0.0
10110001111000  00000000000000  // 661 -156.24237260689452 0.0
10110010100000  00000000000000  // 662 -154.99532551684743 0.0
10110011001000  00000000000000  // 663 -153.74244294039832 0.0
10110011110000  00000000000000  // 664 -152.4837720478679 0.0
10110100011000  00000000000000  // 665 -151.21936022750424 0.0
10110101000001  00000000000000  // 666 -149.94925508369752 0.0
10110101101010  00000000000000  // 667 -148.6735044351886 0.0
10110110010011  00000000000000  // 668 -147.3921563132681 0.0
10110110111100  00000000000000  // 669 -146.10525895996895 0.0
10110111100101  00000000000000  // 670 -144.812860826249 0.0
10111000001111  00000000000000  // 671 -143.51501057016748 0.0
10111000111001  00000000000000  // 672 -142.21175705505286 0.0
10111001100011  00000000000000  // 673 -140.90314934766369 0.0
10111010001101  00000000000000  // 674 -139.58923671634037 0.0
10111010110111  00000000000000  // 675 -138.27006862915067 0.0
10111011100001  00000000000000  // 676 -136.9456947520278 0.0
10111100001100  00000000000000  // 677 -135.61616494689954 0.0
10111100110110  00000000000000  // 678 -134.28152926981159 0.0
10111101100001  00000000000000  // 679 -132.94183796904267 0.0
10111110001100  00000000000000  // 680 -131.59714148321342 0.0
10111110111000  00000000000000  // 681 -130.24749043938638 0.0
10111111100011  00000000000000  // 682 -128.89293565116043 0.0
11000000001110  00000000000000  // 683 -127.53352811675764 0.0
11000000111010  00000000000000  // 684 -126.16931901710367 0.0
11000001100110  00000000000000  // 685 -124.80035971389991 0.0
11000010010010  00000000000000  // 686 -123.42670174769015 0.0
11000010111110  00000000000000  // 687 -122.04839683592085 0.0
11000011101010  00000000000000  // 688 -120.66549687099271 0.0
11000100010111  00000000000000  // 689 -119.27805391830779 0.0
11000101000011  00000000000000  // 690 -117.88612021430889 0.0
11000101110000  00000000000000  // 691 -116.48974816451361 0.0
11000110011101  00000000000000  // 692 -115.08899034154021 0.0
11000111001010  00000000000000  // 693 -113.68389948312901 0.0
11000111110111  00000000000000  // 694 -112.27452849015648 0.0
11001000100100  00000000000000  // 695 -110.86093042464431 0.0
11001001010001  00000000000000  // 696 -109.4431585077605 0.0
11001001111111  00000000000000  // 697 -108.0212661178162 0.0
11001010101100  00000000000000  // 698 -106.59530678825662 0.0
11001011011010  00000000000000  // 699 -105.16533420564438 0.0
11001100001000  00000000000000  // 700 -103.73140220763901 0.0
11001100110110  00000000000000  // 701 -102.29356478096952 0.0
11001101100100  00000000000000  // 702 -100.85187605940278 0.0
11001110010010  00000000000000  // 703 -99.40639032170412 0.0
11001111000001  00000000000000  // 704 -97.95716198959458 0.0
11001111101111  00000000000000  // 705 -96.50424562570151 0.0
11010000011110  00000000000000  // 706 -95.0476959315053 0.0
11010001001101  00000000000000  // 707 -93.58756774527842 0.0
11010001111100  00000000000000  // 708 -92.12391604002161 0.0
11010010101010  00000000000000  // 709 -90.65679592139479 0.0
11010011011010  00000000000000  // 710 -89.18626262564094 0.0
11010100001001  00000000000000  // 711 -87.7123715175075 0.0
11010100111000  00000000000000  // 712 -86.23517808816146 0.0
11010101100111  00000000000000  // 713 -84.75473795310094 0.0
11010110010111  00000000000000  // 714 -83.27110685006005 0.0
11010111000110  00000000000000  // 715 -81.78434063691105 0.0
11010111110110  00000000000000  // 716 -80.29449528956201 0.0
11011000100110  00000000000000  // 717 -78.80162689984792 0.0
11011001010110  00000000000000  // 718 -77.30579167341993 0.0
11011010000110  00000000000000  // 719 -75.80704592762862 0.0
11011010110110  00000000000000  // 720 -74.30544608940467 0.0
11011011100110  00000000000000  // 721 -72.80104869313307 0.0
11011100010110  00000000000000  // 722 -71.29391037852547 0.0
11011101000110  00000000000000  // 723 -69.78408788848739 0.0
11011101110111  00000000000000  // 724 -68.27163806698266 0.0
11011110100111  00000000000000  // 725 -66.756617856892 0.0
11011111011000  00000000000000  // 726 -65.2390842978698 0.0
11100000001000  00000000000000  // 727 -63.71909452419727 0.0
11100000111001  00000000000000  // 728 -62.19670576263009 0.0
11100001101010  00000000000000  // 729 -60.67197533024467 0.0
11100010011011  00000000000000  // 730 -59.144960632279776 0.0
11100011001100  00000000000000  // 731 -57.61571915997617 0.0
11100011111101  00000000000000  // 732 -56.084308488410734 0.0
11100100101110  00000000000000  // 733 -54.55078627432968 0.0
11100101011111  00000000000000  // 734 -53.01521025397741 0.0
11100110010000  00000000000000  // 735 -51.47763824092361 0.0
11100111000001  00000000000000  // 736 -49.93812812388533 0.0
11100111110011  00000000000000  // 737 -48.39673786454809 0.0
11101000100100  00000000000000  // 738 -46.85352549538443 0.0
11101001010110  00000000000000  // 739 -45.30854911746759 0.0
11101010000111  00000000000000  // 740 -43.76186689828497 0.0
11101010111001  00000000000000  // 741 -42.21353706954771 0.0
11101011101010  00000000000000  // 742 -40.66361792499921 0.0
11101100011100  00000000000000  // 743 -39.112167818218985 0.0
11101101001110  00000000000000  // 744 -37.55924516042669 0.0
11101101111111  00000000000000  // 745 -36.00490841828246 0.0
11101110110001  00000000000000  // 746 -34.44921611168657 0.0
11101111100011  00000000000000  // 747 -32.89222681157484 0.0
11110000010101  00000000000000  // 748 -31.333999137714187 0.0
11110001000111  00000000000000  // 749 -29.774591756496275 0.0
11110001111001  00000000000000  // 750 -28.214063378727403 0.0
11110010101011  00000000000000  // 751 -26.652472757418973 0.0
11110011011101  00000000000000  // 752 -25.089878685575037 0.0
11110100001111  00000000000000  // 753 -23.526339993979676 0.0
11110101000001  00000000000000  // 754 -21.96191554898068 0.0
11110101110011  00000000000000  // 755 -20.39666425027419 0.0
11110110100101  00000000000000  // 756 -18.830645028686693 0.0
11110111010111  00000000000000  // 757 -17.263916843957215 0.0
11111000001001  00000000000000  // 758 -15.696538682516167 0.0
11111000111011  00000000000000  // 759 -14.128569555265214 0.0
11111001101110  00000000000000  // 760 -12.560068495356234 0.0
11111010100000  00000000000000  // 761 -10.991094555967383 0.0
11111011010010  00000000000000  // 762 -9.42170680808069 0.0
11111100000100  00000000000000  // 763 -7.851964338257618 0.0
11111100110110  00000000000000  // 764 -6.281926246415385 0.0
11111101101001  00000000000000  // 765 -4.711651643600534 0.0
11111110011011  00000000000000  // 766 -3.1411996497643364 0.0
11111111001101  00000000000000  // 767 -1.5706293915365122 0.0
11111111111111  00000000000000  // 768 -4.7021734443549636e-14 0.0
00000000110010  00000000000000  // 769 1.570629391536418 0.0
00000001100100  00000000000000  // 770 3.1411996497642423 0.0
00000010010110  00000000000000  // 771 4.711651643600439 0.0
00000011001001  00000000000000  // 772 6.281926246415291 0.0
00000011111011  00000000000000  // 773 7.851964338257524 0.0
00000100101101  00000000000000  // 774 9.421706808080597 0.0
00000101011111  00000000000000  // 775 10.991094555967289 0.0
00000110010001  00000000000000  // 776 12.56006849535614 0.0
00000111000100  00000000000000  // 777 14.12856955526512 0.0
00000111110110  00000000000000  // 778 15.696538682516072 0.0
00001000101000  00000000000000  // 779 17.263916843957123 0.0
00001001011010  00000000000000  // 780 18.830645028686597 0.0
00001010001100  00000000000000  // 781 20.396664250274096 0.0
00001010111110  00000000000000  // 782 21.961915548980585 0.0
00001011110000  00000000000000  // 783 23.52633999397958 0.0
00001100100010  00000000000000  // 784 25.089878685574945 0.0
00001101010100  00000000000000  // 785 26.652472757418877 0.0
00001110000110  00000000000000  // 786 28.214063378727307 0.0
00001110111000  00000000000000  // 787 29.774591756496182 0.0
00001111101010  00000000000000  // 788 31.333999137714095 0.0
00010000011100  00000000000000  // 789 32.892226811574744 0.0
00010001001110  00000000000000  // 790 34.44921611168647 0.0
00010010000000  00000000000000  // 791 36.00490841828237 0.0
00010010110001  00000000000000  // 792 37.5592451604266 0.0
00010011100011  00000000000000  // 793 39.11216781821889 0.0
00010100010101  00000000000000  // 794 40.663617924999116 0.0
00010101000110  00000000000000  // 795 42.21353706954762 0.0
00010101111000  00000000000000  // 796 43.76186689828488 0.0
00010110101001  00000000000000  // 797 45.3085491174675 0.0
00010111011011  00000000000000  // 798 46.85352549538434 0.0
00011000001100  00000000000000  // 799 48.396737864548 0.0
00011000111110  00000000000000  // 800 49.938128123885235 0.0
00011001101111  00000000000000  // 801 51.47763824092352 0.0
00011010100000  00000000000000  // 802 53.015210253977315 0.0
00011011010001  00000000000000  // 803 54.55078627432959 0.0
00011100000010  00000000000000  // 804 56.08430848841064 0.0
00011100110011  00000000000000  // 805 57.61571915997608 0.0
00011101100100  00000000000000  // 806 59.144960632279684 0.0
00011110010101  00000000000000  // 807 60.67197533024458 0.0
00011111000110  00000000000000  // 808 62.196705762629996 0.0
00011111110111  00000000000000  // 809 63.719094524197175 0.0
00100000100111  00000000000000  // 810 65.2390842978697 0.0
00100001011000  00000000000000  // 811 66.7566178568919 0.0
00100010001000  00000000000000  // 812 68.27163806698258 0.0
00100010111001  00000000000000  // 813 69.7840878884873 0.0
00100011101001  00000000000000  // 814 71.29391037852538 0.0
00100100011001  00000000000000  // 815 72.80104869313297 0.0
00100101001001  00000000000000  // 816 74.30544608940457 0.0
00100101111001  00000000000000  // 817 75.80704592762852 0.0
00100110101001  00000000000000  // 818 77.30579167341983 0.0
00100111011001  00000000000000  // 819 78.80162689984783 0.0
00101000001001  00000000000000  // 820 80.29449528956192 0.0
00101000111001  00000000000000  // 821 81.78434063691097 0.0
00101001101000  00000000000000  // 822 83.27110685005995 0.0
00101010011000  00000000000000  // 823 84.75473795310086 0.0
00101011000111  00000000000000  // 824 86.23517808816138 0.0
00101011110110  00000000000000  // 825 87.71237151750742 0.0
00101100100101  00000000000000  // 826 89.18626262564085 0.0
00101101010101  00000000000000  // 827 90.65679592139469 0.0
00101110000011  00000000000000  // 828 92.12391604002153 0.0
00101110110010  00000000000000  // 829 93.58756774527833 0.0
00101111100001  00000000000000  // 830 95.0476959315052 0.0
00110000010000  00000000000000  // 831 96.50424562570143 0.0
00110000111110  00000000000000  // 832 97.9571619895945 0.0
00110001101101  00000000000000  // 833 99.40639032170404 0.0
00110010011011  00000000000000  // 834 100.8518760594027 0.0
00110011001001  00000000000000  // 835 102.29356478096943 0.0
00110011110111  00000000000000  // 836 103.73140220763892 0.0
00110100100101  00000000000000  // 837 105.1653342056443 0.0
00110101010011  00000000000000  // 838 106.59530678825654 0.0
00110110000000  00000000000000  // 839 108.02126611781611 0.0
00110110101110  00000000000000  // 840 109.44315850776042 0.0
00110111011011  00000000000000  // 841 110.86093042464422 0.0
00111000001000  00000000000000  // 842 112.2745284901564 0.0
00111000110101  00000000000000  // 843 113.68389948312893 0.0
00111001100010  00000000000000  // 844 115.08899034154012 0.0
00111010001111  00000000000000  // 845 116.48974816451353 0.0
00111010111100  00000000000000  // 846 117.8861202143088 0.0
00111011101000  00000000000000  // 847 119.2780539183077 0.0
00111100010101  00000000000000  // 848 120.66549687099264 0.0
00111101000001  00000000000000  // 849 122.04839683592078 0.0
00111101101101  00000000000000  // 850 123.42670174769006 0.0
00111110011001  00000000000000  // 851 124.80035971389982 0.0
00111111000101  00000000000000  // 852 126.16931901710359 0.0
00111111110001  00000000000000  // 853 127.53352811675755 0.0
01000000011100  00000000000000  // 854 128.89293565116037 0.0
01000001000111  00000000000000  // 855 130.2474904393863 0.0
01000001110011  00000000000000  // 856 131.59714148321336 0.0
01000010011110  00000000000000  // 857 132.9418379690426 0.0
01000011001001  00000000000000  // 858 134.2815292698115 0.0
01000011110011  00000000000000  // 859 135.61616494689946 0.0
01000100011110  00000000000000  // 860 136.94569475202772 0.0
01000101001000  00000000000000  // 861 138.2700686291506 0.0
01000101110010  00000000000000  // 862 139.58923671634028 0.0
01000110011100  00000000000000  // 863 140.90314934766363 0.0
01000111000110  00000000000000  // 864 142.21175705505277 0.0
01000111110000  00000000000000  // 865 143.51501057016742 0.0
01001000011010  00000000000000  // 866 144.8128608262489 0.0
01001001000011  00000000000000  // 867 146.10525895996886 0.0
01001001101100  00000000000000  // 868 147.392156313268 0.0
01001010010101  00000000000000  // 869 148.6735044351885 0.0
01001010111110  00000000000000  // 870 149.94925508369744 0.0
01001011100111  00000000000000  // 871 151.21936022750415 0.0
01001100001111  00000000000000  // 872 152.48377204786783 0.0
01001100110111  00000000000000  // 873 153.74244294039823 0.0
01001101011111  00000000000000  // 874 154.99532551684734 0.0
01001110000111  00000000000000  // 875 156.24237260689446 0.0
01001110101111  00000000000000  // 876 157.48353725992166 0.0
01001111010111  00000000000000  // 877 158.71877274678087 0.0
01001111111110  00000000000000  // 878 159.9480325615544 0.0
01010000100101  00000000000000  // 879 161.171270423305 0.0
01010001001100  00000000000000  // 880 162.3884402778187 0.0
01010001110011  00000000000000  // 881 163.59949629933806 0.0
01010010011001  00000000000000  // 882 164.80439289228855 0.0
01010011000000  00000000000000  // 883 166.00308469299452 0.0
01010011100110  00000000000000  // 884 167.19552657138723 0.0
01010100001100  00000000000000  // 885 168.3816736327037 0.0
01010100110001  00000000000000  // 886 169.56148121917758 0.0
01010101010111  00000000000000  // 887 170.7349049117203 0.0
01010101111100  00000000000000  // 888 171.90190053159262 0.0
01010110100001  00000000000000  // 889 173.0624241420693 0.0
01010111000110  00000000000000  // 890 174.21643205009232 0.0
01010111101011  00000000000000  // 891 175.36388080791633 0.0
01011000010000  00000000000000  // 892 176.50472721474384 0.0
01011000110100  00000000000000  // 893 177.63892831835258 0.0
01011001011000  00000000000000  // 894 178.76644141671207 0.0
01011001111100  00000000000000  // 895 179.88722405959157 0.0
01011010100000  00000000000000  // 896 181.00123405015773 0.0
01011011000011  00000000000000  // 897 182.10842944656426 0.0
01011011100110  00000000000000  // 898 183.20876856353036 0.0
01011100001001  00000000000000  // 899 184.30220997390987 0.0
01011100101100  00000000000000  // 900 185.3887125102519 0.0
01011101001110  00000000000000  // 901 186.4682352663501 0.0
01011101110001  00000000000000  // 902 187.5407375987829 0.0
01011110010011  00000000000000  // 903 188.60617912844342 0.0
01011110110101  00000000000000  // 904 189.66451974206038 0.0
01011111010110  00000000000000  // 905 190.71571959370786 0.0
01011111111000  00000000000000  // 906 191.7597391063058 0.0
01100000011001  00000000000000  // 907 192.79653897310922 0.0
01100000111010  00000000000000  // 908 193.8260801591894 0.0
01100001011011  00000000000000  // 909 194.84832390290265 0.0
01100001111011  00000000000000  // 910 195.86323171734952 0.0
01100010011011  00000000000000  // 911 196.87076539182462 0.0
01100010111011  00000000000000  // 912 197.8708869932545 0.0
01100011011011  00000000000000  // 913 198.8635588676263 0.0
01100011111011  00000000000000  // 914 199.84874364140472 0.0
01100100011010  00000000000000  // 915 200.82640422294003 0.0
01100100111001  00000000000000  // 916 201.79650380386386 0.0
01100101011000  00000000000000  // 917 202.7590058604755 0.0
01100101110110  00000000000000  // 918 203.71387415511614 0.0
01100110010101  00000000000000  // 919 204.66107273753445 0.0
01100110110011  00000000000000  // 920 205.60056594623924 0.0
01100111010001  00000000000000  // 921 206.53231840984188 0.0
01100111101110  00000000000000  // 922 207.45629504838897 0.0
01101000001011  00000000000000  // 923 208.37246107468223 0.0
01101000101000  00000000000000  // 924 209.28078199558874 0.0
01101001000101  00000000000000  // 925 210.181223613339 0.0
01101001100010  00000000000000  // 926 211.07375202681513 0.0
01101001111110  00000000000000  // 927 211.95833363282676 0.0
01101010011010  00000000000000  // 928 212.83493512737664 0.0
01101010110110  00000000000000  // 929 213.7035235069136 0.0
01101011010010  00000000000000  // 930 214.56406606957626 0.0
01101011101101  00000000000000  // 931 215.41653041642363 0.0
01101100001000  00000000000000  // 932 216.2608844526546 0.0
01101100100011  00000000000000  // 933 217.0970963888171 0.0
01101100111101  00000000000000  // 934 217.9251347420043 0.0
01101101010111  00000000000000  // 935 218.74496833704038 0.0
01101101110001  00000000000000  // 936 219.55656630765364 0.0
01101110001011  00000000000000  // 937 220.35989809763925 0.0
01101110100100  00000000000000  // 938 221.1549334620094 0.0
01101110111110  00000000000000  // 939 221.94164246813213 0.0
01101111010111  00000000000000  // 940 222.71999549685773 0.0
01101111101111  00000000000000  // 941 223.4899632436347 0.0
01110000001000  00000000000000  // 942 224.2515167196127 0.0
01110000100000  00000000000000  // 943 225.00462725273357 0.0
01110000110111  00000000000000  // 944 225.74926648881151 0.0
01110001001111  00000000000000  // 945 226.48540639260017 0.0
01110001100110  00000000000000  // 946 227.2130192488483 0.0
01110001111101  00000000000000  // 947 227.93207766334294 0.0
01110010010100  00000000000000  // 948 228.64255456394127 0.0
01110010101011  00000000000000  // 949 229.34442320158956 0.0
01110011000001  00000000000000  // 950 230.03765715133042 0.0
01110011010111  00000000000000  // 951 230.72223031329725 0.0
01110011101100  00000000000000  // 952 231.3981169136975 0.0
01110100000010  00000000000000  // 953 232.06529150578277 0.0
01110100010111  00000000000000  // 954 232.7237289708066 0.0
01110100101011  00000000000000  // 955 233.37340451897066 0.0
01110101000000  00000000000000  // 956 234.0142936903578 0.0
01110101010100  00000000000000  // 957 234.64637235585295 0.0
01110101101000  00000000000000  // 958 235.2696167180515 0.0
01110101111100  00000000000000  // 959 235.88400331215556 0.0
01110110001111  00000000000000  // 960 236.48950900685705 0.0
01110110100010  00000000000000  // 961 237.08611100520898 0.0
01110110110101  00000000000000  // 962 237.67378684548305 0.0
01110111001000  00000000000000  // 963 238.25251440201615 0.0
01110111011010  00000000000000  // 964 238.822271886043 0.0
01110111101100  00000000000000  // 965 239.38303784651612 0.0
01110111111101  00000000000000  // 966 239.9347911709142 0.0
01111000001111  00000000000000  // 967 240.47751108603634 0.0
01111000100000  00000000000000  // 968 241.01117715878465 0.0
01111000110001  00000000000000  // 969 241.5357692969329 0.0
01111001000001  00000000000000  // 970 242.0512677498837 0.0
01111001010001  00000000000000  // 971 242.5576531094117 0.0
01111001100001  00000000000000  // 972 243.05490631039422 0.0
01111001110001  00000000000000  // 973 243.54300863152932 0.0
01111010000000  00000000000000  // 974 244.0219416960405 0.0
01111010001111  00000000000000  // 975 244.49168747236868 0.0
01111010011110  00000000000000  // 976 244.9522282748507 0.0
01111010101100  00000000000000  // 977 245.40354676438577 0.0
01111010111011  00000000000000  // 978 245.84562594908778 0.0
01111011001000  00000000000000  // 979 246.27844918492536 0.0
01111011010110  00000000000000  // 980 246.70200017634824 0.0
01111011100011  00000000000000  // 981 247.116262976901 0.0
01111011110000  00000000000000  // 982 247.5212219898234 0.0
01111011111101  00000000000000  // 983 247.9168619686374 0.0
01111100001001  00000000000000  // 984 248.30316801772148 0.0
01111100010101  00000000000000  // 985 248.68012559287118 0.0
01111100100001  00000000000000  // 986 249.04772050184695 0.0
01111100101100  00000000000000  // 987 249.4059389049081 0.0
01111100111000  00000000000000  // 988 249.7547673153343 0.0
01111101000011  00000000000000  // 989 250.09419259993302 0.0
01111101001101  00000000000000  // 990 250.42420197953425 0.0
01111101010111  00000000000000  // 991 250.74478302947122 0.0
01111101100001  00000000000000  // 992 251.05592368004864 0.0
01111101101011  00000000000000  // 993 251.35761221699696 0.0
01111101110100  00000000000000  // 994 251.64983728191314 0.0
01111101111101  00000000000000  // 995 251.9325878726887 0.0
01111110000110  00000000000000  // 996 252.20585334392376 0.0
01111110001111  00000000000000  // 997 252.4696234073278 0.0
01111110010111  00000000000000  // 998 252.72388813210688 0.0
01111110011110  00000000000000  // 999 252.96863794533795 0.0
01111110100110  00000000000000  // 1000 253.20386363232882 0.0
01111110101101  00000000000000  // 1001 253.42955633696536 0.0
01111110110100  00000000000000  // 1002 253.64570756204472 0.0
01111110111011  00000000000000  // 1003 253.85230916959551 0.0
01111111000001  00000000000000  // 1004 254.04935338118403 0.0
01111111000111  00000000000000  // 1005 254.23683277820697 0.0
01111111001101  00000000000000  // 1006 254.41474030217108 0.0
01111111010010  00000000000000  // 1007 254.5830692549586 0.0
01111111010111  00000000000000  // 1008 254.7418132990796 0.0
01111111011100  00000000000000  // 1009 254.89096645791054 0.0
01111111100000  00000000000000  // 1010 255.0305231159193 0.0
01111111100101  00000000000000  // 1011 255.16047801887655 0.0
01111111101000  00000000000000  // 1012 255.2808262740537 0.0
01111111101100  00000000000000  // 1013 255.39156335040698 0.0
01111111101111  00000000000000  // 1014 255.49268507874794 0.0
01111111110010  00000000000000  // 1015 255.58418765190078 0.0
01111111110101  00000000000000  // 1016 255.66606762484528 0.0
01111111110111  00000000000000  // 1017 255.73832191484675 0.0
01111111111001  00000000000000  // 1018 255.800947801572 0.0
01111111111011  00000000000000  // 1019 255.8539429271918 0.0
01111111111100  00000000000000  // 1020 255.89730529646968 0.0
01111111111101  00000000000000  // 1021 255.9310332768368 0.0
01111111111110  00000000000000  // 1022 255.95512559845392 0.0
01111111111111  00000000000000  // 1023 255.96958135425865 0.0