01000000000000 //  0 128.0
00111111100000 //  1 127.99759043617294
00111111100000 //  2 127.9903618354105
00111111100000 //  3 127.9783144698654
00111111100000 //  4 127.96144879311414
00111111100000 //  5 127.93976544013992
00111111100000 //  6 127.91326522730874
00111111100000 //  7 127.8819491523386
00111111100000 //  8 127.84581839426207
00111111100000 //  9 127.80487431338173
00111111100000 // 10 127.7591184512191
00111111100000 // 11 127.70855253045653
00111111100000 // 12 127.65317845487235
00111111100000 // 13 127.5929983092692
00111111100000 // 14 127.52801435939558
00111111100000 // 15 127.45822905186046
00111111100000 // 16 127.3836450140412
00111111100000 // 17 127.3042650539847
00111111100000 // 18 127.22009216030158
00111111100000 // 19 127.1311295020537
00111111100000 // 20 127.03738042863488
00111111000000 // 21 126.93884846964474
00111111000000 // 22 126.83553733475584
00111111000000 // 23 126.72745091357403
00111111000000 // 24 126.61459327549197
00111111000000 // 25 126.49696866953593
00111111000000 // 26 126.37458152420588
00111111000000 // 27 126.24743644730863
00111111000000 // 28 126.11553822578448
00111110100000 // 29 125.97889182552692
00111110100000 // 30 125.83750239119568
00111110100000 // 31 125.69137524602307
00111110100000 // 32 125.5405158916135
00111110100000 // 33 125.38493000773639
00111110100000 // 34 125.22462345211234
00111110100000 // 35 125.05960226019256
00111110000000 // 36 124.88987264493166
00111110000000 // 37 124.71544099655371
00111110000000 // 38 124.5363138823117
00111110000000 // 39 124.35249804624023
00111110000000 // 40 124.16400040890163
00111101100000 // 41 123.97082806712542
00111101100000 // 42 123.77298829374107
00111101100000 // 43 123.57048853730424
00111101100000 // 44 123.3633364218163
00111101100000 // 45 123.15153974643732
00111101000000 // 46 122.93510648519242
00111101000000 // 47 122.71404478667156
00111101000000 // 48 122.48836297372273
00111101000000 // 49 122.25806954313866
00111101000000 // 50 122.02317316533681
00111100100000 // 51 121.78368268403307
00111100100000 // 52 121.5396071159087
00111100100000 // 53 121.29095565027086
00111100100000 // 54 121.03773764870672
00111100000000 // 55 120.77996264473093
00111100000000 // 56 120.51764034342666
00111100000000 // 57 120.25078062108031
00111011100000 // 58 119.9793935248096
00111011100000 // 59 119.7034892721853
00111011100000 // 60 119.42307825084659
00111011100000 // 61 119.13817101810992
00111011000000 // 62 118.8487783005716
00000000000001 // 63 118.55491099370386
